0 0 0 0 0 0 0 0 0 0 0 0 0 0 0 0 0 0 0 0 0 0 0 0 0 0 0 0 0 0 0 0 0 0 0 0 0 0 0 0 0 0 0 0 0 0 0 0 0 0 0 0 0 0 0 0 0 0 0 0 0 0 0 0 1 0 0 0 0 0 0 0 0 0 0 0 0 0 0 0 0 0 0 0 0 0 0 0 0 0 0 0 0 0 0 0 0 0 0 0 0 0 0 0 0 0 0 0 0 0 0 0 0 0 0 0 0 0 0 0 0 0 0 0 0 0 0 0 
0 0 0 0 0 0 0 0 0 0 0 0 0 0 0 0 0 0 0 0 0 0 0 0 0 0 0 0 0 0 0 0 0 0 0 0 0 0 0 0 0 0 0 0 0 0 0 0 0 0 0 0 0 0 0 0 0 0 0 0 0 0 0 0 1 0 0 0 0 0 0 0 0 0 0 0 0 0 0 0 0 0 0 0 0 0 0 0 0 0 0 0 0 0 0 0 0 0 0 0 0 0 0 0 0 0 0 0 0 0 0 0 0 0 0 0 0 0 0 0 0 0 0 0 0 0 0 0 
0 0 0 0 0 0 0 0 0 0 0 0 0 0 0 0 0 0 0 0 0 0 0 0 0 0 0 0 0 0 0 0 0 0 0 0 0 0 0 0 0 0 0 0 0 0 0 0 0 0 0 0 0 0 0 0 0 0 0 0 0 0 0 0 1 0 0 0 0 0 0 0 0 0 0 0 0 0 0 0 0 0 0 0 0 0 0 0 0 0 0 0 0 0 0 0 0 0 0 0 0 0 0 0 0 0 0 0 0 0 0 0 0 0 0 0 0 0 0 0 0 0 0 0 0 0 0 0 
0 0 0 0 0 0 0 0 0 0 0 0 0 0 0 0 0 0 0 0 0 0 0 0 0 0 0 0 0 0 0 0 0 0 0 0 0 0 0 0 0 0 0 0 0 0 0 0 0 0 0 0 0 0 0 0 0 0 0 0 0 0 0 0 1 0 0 0 0 0 0 0 0 0 0 0 0 0 0 0 0 0 0 0 0 0 0 0 0 0 0 0 0 0 0 0 0 0 0 0 0 0 0 0 0 0 0 0 0 0 0 0 0 0 0 0 0 0 0 0 0 0 0 0 0 0 0 0 
0 0 0 0 0 0 0 0 0 0 0 0 0 0 0 0 0 0 0 0 0 0 0 0 0 0 0 0 0 0 0 0 0 0 0 0 0 0 0 0 0 0 0 0 0 0 0 0 0 0 0 0 0 0 0 0 0 0 0 0 0 0 0 0 1 0 0 0 0 0 0 0 0 0 0 0 0 0 0 0 0 0 0 0 0 0 0 0 0 0 0 0 0 0 0 0 0 0 0 0 0 0 0 0 0 0 0 0 0 0 0 0 0 0 0 0 0 0 0 0 0 0 0 0 0 0 0 0 
0 0 0 0 0 0 0 0 0 0 0 0 0 0 0 0 0 0 0 0 0 0 0 0 0 0 0 0 0 0 0 0 0 0 0 0 0 0 0 0 0 0 0 0 0 0 0 0 0 0 0 0 0 0 0 0 0 0 0 0 0 0 0 0 1 0 0 0 0 0 0 0 0 0 0 0 0 0 0 0 0 0 0 0 0 0 0 0 0 0 0 0 0 0 0 0 0 0 0 0 0 0 0 0 0 0 0 0 0 0 0 0 0 0 0 0 0 0 0 0 0 0 0 0 0 0 0 0 
0 0 0 0 0 0 0 0 0 0 0 0 0 0 0 0 0 0 0 0 0 0 0 0 0 0 0 0 0 0 0 0 0 0 0 0 0 0 0 0 0 0 0 0 0 0 0 0 0 0 0 0 0 0 0 0 0 0 0 0 0 0 0 0 1 0 0 0 0 0 0 0 0 0 0 0 0 0 0 0 0 0 0 0 0 0 0 0 0 0 0 0 0 0 0 0 0 0 0 0 0 0 0 0 0 0 0 0 0 0 0 0 0 0 0 0 0 0 0 0 0 0 0 0 0 0 0 0 
0 0 0 0 0 0 0 0 0 0 0 0 0 0 0 0 0 0 0 0 0 0 0 0 0 0 0 0 0 0 0 0 0 0 0 0 0 0 0 0 0 0 0 0 0 0 0 0 0 0 0 0 0 0 0 0 0 0 0 0 0 0 0 0 1 0 0 0 0 0 0 0 0 0 0 0 0 0 0 0 0 0 0 0 0 0 0 0 0 0 0 0 0 0 0 0 0 0 0 0 0 0 0 0 0 0 0 0 0 0 0 0 0 0 0 0 0 0 0 0 0 0 0 0 0 0 0 0 
0 0 0 0 0 0 0 0 0 0 0 0 0 0 0 0 0 0 0 0 0 0 0 0 0 0 0 0 0 0 0 0 0 0 0 0 0 0 0 0 0 0 0 0 0 0 0 0 0 0 0 0 0 0 0 0 0 0 0 0 0 0 0 0 1 0 0 0 0 0 0 0 0 0 0 0 0 0 0 0 0 0 0 0 0 0 0 0 0 0 0 0 0 0 0 0 0 0 0 0 0 0 0 0 0 0 0 0 0 0 0 0 0 0 0 0 0 0 0 0 0 0 0 0 0 0 0 0 
0 0 0 0 0 0 0 0 0 0 0 0 0 0 0 0 0 0 0 0 0 0 0 0 0 0 0 0 0 0 0 0 0 0 0 0 0 0 0 0 0 0 0 0 0 0 0 0 0 0 0 0 0 0 0 0 0 0 0 0 0 0 0 0 1 0 0 0 0 0 0 0 0 0 0 0 0 0 0 0 0 0 0 0 0 0 0 0 0 0 0 0 0 0 0 0 0 0 0 0 0 0 0 0 0 0 0 0 0 0 0 0 0 0 0 0 0 0 0 0 0 0 0 0 0 0 0 0 
0 0 0 0 0 0 0 0 0 0 0 0 0 0 0 0 0 0 0 0 0 0 0 0 0 0 0 0 0 0 0 0 0 0 0 0 0 0 0 0 0 0 0 0 0 0 0 0 0 0 0 0 0 0 0 0 0 0 0 0 0 0 0 0 1 0 0 0 0 0 0 0 0 0 0 0 0 0 0 0 0 0 0 0 0 0 0 0 0 0 0 0 0 0 0 0 0 0 0 0 0 0 0 0 0 0 0 0 0 0 0 0 0 0 0 0 0 0 0 0 0 0 0 0 0 0 0 0 
0 0 0 0 0 0 0 0 0 0 0 0 0 0 0 0 0 0 0 0 0 0 0 0 0 0 0 0 0 0 0 0 0 0 0 0 0 0 0 0 0 0 0 0 0 0 0 0 0 0 0 0 0 0 0 0 0 0 0 0 0 0 0 0 1 0 0 0 0 0 0 0 0 0 0 0 0 0 0 0 0 0 0 0 0 0 0 0 0 0 0 0 0 0 0 0 0 0 0 0 0 0 0 0 0 0 0 0 0 0 0 0 0 0 0 0 0 0 0 0 0 0 0 0 0 0 0 0 
0 0 0 0 0 0 0 0 0 0 0 0 0 0 0 0 0 0 0 0 0 0 0 0 0 0 0 0 0 0 0 0 0 0 0 0 0 0 0 0 0 0 0 0 0 0 0 0 0 0 0 0 0 0 0 0 0 0 0 0 0 0 0 0 1 0 0 0 0 0 0 0 0 0 0 0 0 0 0 0 0 0 0 0 0 0 0 0 0 0 0 0 0 0 0 0 0 0 0 0 0 0 0 0 0 0 0 0 0 0 0 0 0 0 0 0 0 0 0 0 0 0 0 0 0 0 0 0 
0 0 0 0 0 0 0 0 0 0 0 0 0 0 0 0 0 0 0 0 0 0 0 0 0 0 0 0 0 0 0 0 0 0 0 0 0 0 0 0 0 0 0 0 0 0 0 0 0 0 0 0 0 0 0 0 0 0 0 0 0 0 0 0 1 0 0 0 0 0 0 0 0 0 0 0 0 0 0 0 0 0 0 0 0 0 0 0 0 0 0 0 0 0 0 0 0 0 0 0 0 0 0 0 0 0 0 0 0 0 0 0 0 0 0 0 0 0 0 0 0 0 0 0 0 0 0 0 
0 0 0 0 0 0 0 0 0 0 0 0 0 0 0 0 0 0 0 0 0 0 0 0 0 0 0 0 0 0 0 0 0 0 0 0 0 0 0 0 0 0 0 0 0 0 0 0 0 0 0 0 0 0 0 0 0 0 0 0 0 0 0 0 1 0 0 0 0 0 0 0 0 0 0 0 0 0 0 0 0 0 0 0 0 0 0 0 0 0 0 0 0 0 0 0 0 0 0 0 0 0 0 0 0 0 0 0 0 0 0 0 0 0 0 0 0 0 0 0 0 0 0 0 0 0 0 0 
0 0 0 0 0 0 0 0 0 0 0 0 0 0 0 0 0 0 0 0 0 0 0 0 0 0 0 0 0 0 0 0 0 0 0 0 0 0 0 0 0 0 0 0 0 0 0 0 0 0 0 0 0 0 0 0 0 0 0 0 0 0 0 0 1 0 0 0 0 0 0 0 0 0 0 0 0 0 0 0 0 0 0 0 0 0 0 0 0 0 0 0 0 0 0 0 0 0 0 0 0 0 0 0 0 0 0 0 0 0 0 0 0 0 0 0 0 0 0 0 0 0 0 0 0 0 0 0 
0 0 0 0 0 0 0 0 0 0 0 0 0 0 0 0 0 0 0 0 0 0 0 0 0 0 0 0 0 0 0 0 0 0 0 0 0 0 0 0 0 0 0 0 0 0 0 0 0 0 0 0 0 0 0 0 0 0 0 0 0 0 0 0 1 0 0 0 0 0 0 0 0 0 0 0 0 0 0 0 0 0 0 0 0 0 0 0 0 0 0 0 0 0 0 0 0 0 0 0 0 0 0 0 0 0 0 0 0 0 0 0 0 0 0 0 0 0 0 0 0 0 0 0 0 0 0 0 
0 0 0 0 0 0 0 0 0 0 0 0 0 0 0 0 0 0 0 0 0 0 0 0 0 0 0 0 0 0 0 0 0 0 0 0 0 0 0 0 0 0 0 0 0 0 0 0 0 0 0 0 0 0 0 0 0 0 0 0 0 0 0 0 1 0 0 0 0 0 0 0 0 0 0 0 0 0 0 0 0 0 0 0 0 0 0 0 0 0 0 0 0 0 0 0 0 0 0 0 0 0 0 0 0 0 0 0 0 0 0 0 0 0 0 0 0 0 0 0 0 0 0 0 0 0 0 0 
0 0 0 0 0 0 0 0 0 0 0 0 0 0 0 0 0 0 0 0 0 0 0 0 0 0 0 0 0 0 0 0 0 0 0 0 0 0 0 0 0 0 0 0 0 0 0 0 0 0 0 0 0 0 0 0 0 0 0 0 0 0 0 0 1 0 0 0 0 0 0 0 0 0 0 0 0 0 0 0 0 0 0 0 0 0 0 0 0 0 0 0 0 0 0 0 0 0 0 0 0 0 0 0 0 0 0 0 0 0 0 0 0 0 0 0 0 0 0 0 0 0 0 0 0 0 0 0 
0 0 0 0 0 0 0 0 0 0 0 0 0 0 0 0 0 0 0 0 0 0 0 0 0 0 0 0 0 0 0 0 0 0 0 0 0 0 0 0 0 0 0 0 0 0 0 0 0 0 0 0 0 0 0 0 0 0 0 0 0 0 0 0 1 0 0 0 0 0 0 0 0 0 0 0 0 0 0 0 0 0 0 0 0 0 0 0 0 0 0 0 0 0 0 0 0 0 0 0 0 0 0 0 0 0 0 0 0 0 0 0 0 0 0 0 0 0 0 0 0 0 0 0 0 0 0 0 
0 0 0 0 0 0 0 0 0 0 0 0 0 0 0 0 0 0 0 0 0 0 0 0 0 0 0 0 0 0 0 0 0 0 0 0 0 0 0 0 0 0 0 0 0 0 0 0 0 0 0 0 0 0 0 0 0 0 0 0 0 0 0 0 1 0 0 0 0 0 0 0 0 0 0 0 0 0 0 0 0 0 0 0 0 0 0 0 0 0 0 0 0 0 0 0 0 0 0 0 0 0 0 0 0 0 0 0 0 0 0 0 0 0 0 0 0 0 0 0 0 0 0 0 0 0 0 0 
0 0 0 0 0 0 0 0 0 0 0 0 0 0 0 0 0 0 0 0 0 0 0 0 0 0 0 0 0 0 0 0 0 0 0 0 0 0 0 0 0 0 0 0 0 0 0 0 0 0 0 0 0 0 0 0 0 0 0 0 0 0 0 0 1 0 0 0 0 0 0 0 0 0 0 0 0 0 0 0 0 0 0 0 0 0 0 0 0 0 0 0 0 0 0 0 0 0 0 0 0 0 0 0 0 0 0 0 0 0 0 0 0 0 0 0 0 0 0 0 0 0 0 0 0 0 0 0 
0 0 0 0 0 0 0 0 0 0 0 0 0 0 0 0 0 0 0 0 0 0 0 0 0 0 0 0 0 0 0 0 0 0 0 0 0 0 0 0 0 0 0 0 0 0 0 0 0 0 0 0 0 0 0 0 0 0 0 0 0 0 0 0 1 0 0 0 0 0 0 0 0 0 0 0 0 0 0 0 0 0 0 0 0 0 0 0 0 0 0 0 0 0 0 0 0 0 0 0 0 0 0 0 0 0 0 0 0 0 0 0 0 0 0 0 0 0 0 0 0 0 0 0 0 0 0 0 
0 0 0 0 0 0 0 0 0 0 0 0 0 0 0 0 0 0 0 0 0 0 0 0 0 0 0 0 0 0 0 0 0 0 0 0 0 0 0 0 0 0 0 0 0 0 0 0 0 0 0 0 0 0 0 0 0 0 0 0 0 0 0 0 1 0 0 0 0 0 0 0 0 0 0 0 0 0 0 0 0 0 0 0 0 0 0 0 0 0 0 0 0 0 0 0 0 0 0 0 0 0 0 0 0 0 0 0 0 0 0 0 0 0 0 0 0 0 0 0 0 0 0 0 0 0 0 0 
0 0 0 0 0 0 0 0 0 0 0 0 0 0 0 0 0 0 0 0 0 0 0 0 0 0 0 0 0 0 0 0 0 0 0 0 0 0 0 0 0 0 0 0 0 0 0 0 0 0 0 0 0 0 0 0 0 0 0 0 0 0 0 0 1 0 0 0 0 0 0 0 0 0 0 0 0 0 0 0 0 0 0 0 0 0 0 0 0 0 0 0 0 0 0 0 0 0 0 0 0 0 0 0 0 0 0 0 0 0 0 0 0 0 0 0 0 0 0 0 0 0 0 0 0 0 0 0 
0 0 0 0 0 0 0 0 0 0 0 0 0 0 0 0 0 0 0 0 0 0 0 0 0 0 0 0 0 0 0 0 0 0 0 0 0 0 0 0 0 0 0 0 0 0 0 0 0 0 0 0 0 0 0 0 0 0 0 0 0 0 0 0 1 0 0 0 0 0 0 0 0 0 0 0 0 0 0 0 0 0 0 0 0 0 0 0 0 0 0 0 0 0 0 0 0 0 0 0 0 0 0 0 0 0 0 0 0 0 0 0 0 0 0 0 0 0 0 0 0 0 0 0 0 0 0 0 
0 0 0 0 0 0 0 0 0 0 0 0 0 0 0 0 0 0 0 0 0 0 0 0 0 0 0 0 0 0 0 0 0 0 0 0 0 0 0 0 0 0 0 0 0 0 0 0 0 0 0 0 0 0 0 0 0 0 0 0 0 0 0 0 1 0 0 0 0 0 0 0 0 0 0 0 0 0 0 0 0 0 0 0 0 0 0 0 0 0 0 0 0 0 0 0 0 0 0 0 0 0 0 0 0 0 0 0 0 0 0 0 0 0 0 0 0 0 0 0 0 0 0 0 0 0 0 0 
0 0 0 0 0 0 0 0 0 0 0 0 0 0 0 0 0 0 0 0 0 0 0 0 0 0 0 0 0 0 0 0 0 0 0 0 0 0 0 0 0 0 0 0 0 0 0 0 0 0 0 0 0 0 0 0 0 0 0 0 0 0 0 0 1 0 0 0 0 0 0 0 0 0 0 0 0 0 0 0 0 0 0 0 0 0 0 0 0 0 0 0 0 0 0 0 0 0 0 0 0 0 0 0 0 0 0 0 0 0 0 0 0 0 0 0 0 0 0 0 0 0 0 0 0 0 0 0 
0 0 0 0 0 0 0 0 0 0 0 0 0 0 0 0 0 0 0 0 0 0 0 0 0 0 0 0 0 0 0 0 0 0 0 0 0 0 0 0 0 0 0 0 0 0 0 0 0 0 0 0 0 0 0 0 0 0 0 0 0 0 0 0 1 0 0 0 0 0 0 0 0 0 0 0 0 0 0 0 0 0 0 0 0 0 0 0 0 0 0 0 0 0 0 0 0 0 0 0 0 0 0 0 0 0 0 0 0 0 0 0 0 0 0 0 0 0 0 0 0 0 0 0 0 0 0 0 
0 0 0 0 0 0 0 0 0 0 0 0 0 0 0 0 0 0 0 0 0 0 0 0 0 0 0 0 0 0 0 0 0 0 0 0 0 0 0 0 0 0 0 0 0 0 0 0 0 0 0 0 0 0 0 0 0 0 0 0 0 0 0 0 1 0 0 0 0 0 0 0 0 0 0 0 0 0 0 0 0 0 0 0 0 0 0 0 0 0 0 0 0 0 0 0 0 0 0 0 0 0 0 0 0 0 0 0 0 0 0 0 0 0 0 0 0 0 0 0 0 0 0 0 0 0 0 0 
0 0 0 0 0 0 0 0 0 0 0 0 0 0 0 0 0 0 0 0 0 0 0 0 0 0 0 0 0 0 0 0 0 0 0 0 0 0 0 0 0 0 0 0 0 0 0 0 0 0 0 0 0 0 0 0 0 0 0 0 0 0 0 0 1 0 0 0 0 0 0 0 0 0 0 0 0 0 0 0 0 0 0 0 0 0 0 0 0 0 0 0 0 0 0 0 0 0 0 0 0 0 0 0 0 0 0 0 0 0 0 0 0 0 0 0 0 0 0 0 0 0 0 0 0 0 0 0 
0 0.410051 0.483912 -0.000652313 0.404924 0.430938 12.7656 0.411268 0.397121 17.8906 0.424776 0.379333 22.4062 0.437811 0.375759 25.5781 0.421267 0.374171 -3.45508 0.439348 0.328546 -3.13477 0.453372 0.300975 -1.53516 0.463851 0.2831 0.43457 0.434689 0.392816 -5.3125 0.451479 0.371163 7.39453 0.449128 0.380716 18.6406 0.444313 0.389913 22.3281 0.446458 0.415272 -5.58984 0.457643 0.398305 8.50781 0.45173 0.40568 18.375 0.445678 0.414001 19.8438 0.456302 0.436609 -5.125 0.460143 0.422412 6.83594 0.453135 0.428522 14.1406 0.447389 0.435721 15.7031 1 0 0 0 0 0 0 0 0 0 0 0 0 0 0 0 0 0 0 0 0 0 0 0 0 0 0 0 0 0 0 0 0 0 0 0 0 0 0 0 0 0 0 0 0 0 0 0 0 0 0 0 0 0 0 0 0 0 0 0 0 0 0 0 
0 0.410318 0.483741 -0.000643253 0.40521 0.430599 12.75 0.411594 0.396833 17.7969 0.425151 0.378924 22.25 0.438149 0.375314 25.3281 0.421318 0.373939 -3.78906 0.439477 0.328414 -3.58594 0.45366 0.300849 -2.05859 0.464225 0.283034 -0.124939 0.434652 0.392675 -5.66797 0.451467 0.370968 7.00781 0.449115 0.380519 18.2812 0.444371 0.389797 21.9375 0.446489 0.415218 -5.95703 0.457602 0.398174 8.17188 0.451689 0.405545 18.0625 0.445829 0.413901 19.5 0.456401 0.436641 -5.50391 0.460171 0.422363 6.51953 0.45309 0.428385 13.875 0.447464 0.435535 15.4453 1 0 0 0 0 0 0 0 0 0 0 0 0 0 0 0 0 0 0 0 0 0 0 0 0 0 0 0 0 0 0 0 0 0 0 0 0 0 0 0 0 0 0 0 0 0 0 0 0 0 0 0 0 0 0 0 0 0 0 0 0 0 0 0 
0 0.407923 0.458486 -0.000690937 0.411063 0.404221 11.0234 0.423727 0.371821 11.9922 0.440068 0.354532 12.8203 0.454041 0.349281 12.8438 0.425345 0.353032 -14.2422 0.445658 0.314458 -16.2031 0.462037 0.295734 -16.2344 0.47219 0.283365 -16.625 0.432921 0.376232 -17.7188 0.457856 0.36162 -8.04688 0.457158 0.373679 4.55078 0.451074 0.3819 7.93359 0.440793 0.402685 -19.5625 0.461567 0.391728 -8.32031 0.457603 0.400873 2.30664 0.450612 0.407077 3.28125 0.448983 0.428041 -20.8438 0.462378 0.417502 -11.1094 0.457405 0.423476 -3.625 0.451223 0.428952 -2.79297 1 0 0 0 0 0 0 0 0 0 0 0 0 0 0 0 0 0 0 0 0 0 0 0 0 0 0 0 0 0 0 0 0 0 0 0 0 0 0 0 0 0 0 0 0 0 0 0 0 0 0 0 0 0 0 0 0 0 0 0 0 0 0 0 
0 0.414815 0.443975 -0.000899792 0.417626 0.397203 10.9062 0.428494 0.367685 11.1875 0.444224 0.35395 11.0312 0.45665 0.354934 10.4609 0.433071 0.351552 -11.1484 0.45306 0.311706 -15.1094 0.469267 0.288283 -18.1719 0.480394 0.271704 -21.0625 0.43982 0.374007 -15.1562 0.461978 0.370675 -6.72656 0.46104 0.384555 2.41602 0.456286 0.387584 2.50195 0.446499 0.400099 -17.8906 0.464935 0.401154 -6.05859 0.461198 0.410053 3.11328 0.455668 0.410457 2.06641 0.453063 0.425216 -20.3281 0.464106 0.423787 -10.3828 0.458756 0.430397 -3.65234 0.453299 0.431313 -4.47266 1 0 0 0 0 0 0 0 0 0 0 0 0 0 0 0 0 0 0 0 0 0 0 0 0 0 0 0 0 0 0 0 0 0 0 0 0 0 0 0 0 0 0 0 0 0 0 0 0 0 0 0 0 0 0 0 0 0 0 0 0 0 0 0 
0 0.414817 0.444272 -0.000885487 0.417741 0.397676 10.5859 0.428655 0.368184 10.5859 0.444274 0.354291 10.2266 0.45671 0.355032 9.50781 0.432536 0.351511 -11.7578 0.452804 0.311525 -16.1094 0.46912 0.287804 -19.3438 0.480442 0.270892 -22.25 0.439168 0.373937 -15.7344 0.461938 0.370581 -7.61328 0.460812 0.384657 1.86719 0.455822 0.387726 2.19727 0.445796 0.400102 -18.5156 0.464866 0.400992 -7.23828 0.461044 0.409871 2.06641 0.455212 0.410217 1.10938 0.452447 0.425122 -21.0156 0.464023 0.423504 -11.4141 0.458734 0.430238 -4.62109 0.453155 0.431183 -5.44531 1 0 0 0 0 0 0 0 0 0 0 0 0 0 0 0 0 0 0 0 0 0 0 0 0 0 0 0 0 0 0 0 0 0 0 0 0 0 0 0 0 0 0 0 0 0 0 0 0 0 0 0 0 0 0 0 0 0 0 0 0 0 0 0 
0 0.414334 0.439957 -0.000620365 0.421277 0.391381 7.50391 0.435156 0.360828 5.26172 0.451862 0.344554 3.38477 0.464643 0.340005 1.41895 0.433875 0.349417 -16.3125 0.453483 0.314142 -20.9062 0.468954 0.292066 -24.7031 0.479184 0.275017 -28.625 0.437997 0.373603 -19.7969 0.463109 0.371511 -13.4922 0.462745 0.386576 -2.94727 0.456511 0.39039 -2.17188 0.442873 0.400527 -22.2812 0.464736 0.400179 -13.1719 0.461639 0.410277 -2.5918 0.454759 0.412194 -2.75781 0.448379 0.425792 -24.7969 0.462777 0.422603 -16.2656 0.458791 0.429172 -8.23438 0.452976 0.430894 -8.19531 1 0 0 0 0 0 0 0 0 0 0 0 0 0 0 0 0 0 0 0 0 0 0 0 0 0 0 0 0 0 0 0 0 0 0 0 0 0 0 0 0 0 0 0 0 0 0 0 0 0 0 0 0 0 0 0 0 0 0 0 0 0 0 0 
0 0.414331 0.439748 -0.000640869 0.421289 0.390991 7.51562 0.435173 0.360263 5.25 0.451905 0.343763 3.33008 0.464568 0.339043 1.24219 0.434169 0.34948 -16.25 0.453771 0.314592 -20.4219 0.469191 0.292972 -23.9531 0.479269 0.276355 -27.7812 0.438392 0.373657 -19.7188 0.462849 0.371508 -13.0703 0.462474 0.386371 -2.69727 0.456469 0.390355 -2.20312 0.443225 0.400537 -22.1406 0.464458 0.399974 -12.6484 0.46141 0.409961 -2.30273 0.454702 0.411953 -2.76953 0.448718 0.425805 -24.6094 0.462542 0.422286 -15.8125 0.4585 0.428954 -7.92969 0.452911 0.430647 -8.0625 1 0 0 0 0 0 0 0 0 0 0 0 0 0 0 0 0 0 0 0 0 0 0 0 0 0 0 0 0 0 0 0 0 0 0 0 0 0 0 0 0 0 0 0 0 0 0 0 0 0 0 0 0 0 0 0 0 0 0 0 0 0 0 0 
0 0.415191 0.444774 -0.000253201 0.419329 0.406945 14.0469 0.427498 0.383135 16.9844 0.437867 0.37283 18.875 0.446752 0.372366 19.5 0.438528 0.366718 -9.21094 0.452709 0.333338 -12.4922 0.464195 0.31878 -12.6016 0.472098 0.309575 -11.8047 0.446953 0.385141 -13.7344 0.466147 0.375314 -7.86719 0.465399 0.386363 2.50195 0.458966 0.393813 7.67578 0.453754 0.40732 -16.3125 0.470666 0.402314 -9.05469 0.467931 0.409594 1.51855 0.461246 0.414346 6.07031 0.459009 0.42948 -17.7969 0.471529 0.426118 -9.75781 0.469057 0.430177 -1.43359 0.463583 0.432643 2.86914 1 0 0 0 0 0 0 0 0 0 0 0 0 0 0 0 0 0 0 0 0 0 0 0 0 0 0 0 0 0 0 0 0 0 0 0 0 0 0 0 0 0 0 0 0 0 0 0 0 0 0 0 0 0 0 0 0 0 0 0 0 0 0 0 
0 0 0 0 0 0 0 0 0 0 0 0 0 0 0 0 0 0 0 0 0 0 0 0 0 0 0 0 0 0 0 0 0 0 0 0 0 0 0 0 0 0 0 0 0 0 0 0 0 0 0 0 0 0 0 0 0 0 0 0 0 0 0 0 1 0 0 0 0 0 0 0 0 0 0 0 0 0 0 0 0 0 0 0 0 0 0 0 0 0 0 0 0 0 0 0 0 0 0 0 0 0 0 0 0 0 0 0 0 0 0 0 0 0 0 0 0 0 0 0 0 0 0 0 0 0 0 0 
0 0 0 0 0 0 0 0 0 0 0 0 0 0 0 0 0 0 0 0 0 0 0 0 0 0 0 0 0 0 0 0 0 0 0 0 0 0 0 0 0 0 0 0 0 0 0 0 0 0 0 0 0 0 0 0 0 0 0 0 0 0 0 0 1 0 0 0 0 0 0 0 0 0 0 0 0 0 0 0 0 0 0 0 0 0 0 0 0 0 0 0 0 0 0 0 0 0 0 0 0 0 0 0 0 0 0 0 0 0 0 0 0 0 0 0 0 0 0 0 0 0 0 0 0 0 0 0 
0 0 0 0 0 0 0 0 0 0 0 0 0 0 0 0 0 0 0 0 0 0 0 0 0 0 0 0 0 0 0 0 0 0 0 0 0 0 0 0 0 0 0 0 0 0 0 0 0 0 0 0 0 0 0 0 0 0 0 0 0 0 0 0 1 0 0 0 0 0 0 0 0 0 0 0 0 0 0 0 0 0 0 0 0 0 0 0 0 0 0 0 0 0 0 0 0 0 0 0 0 0 0 0 0 0 0 0 0 0 0 0 0 0 0 0 0 0 0 0 0 0 0 0 0 0 0 0 
0 0 0 0 0 0 0 0 0 0 0 0 0 0 0 0 0 0 0 0 0 0 0 0 0 0 0 0 0 0 0 0 0 0 0 0 0 0 0 0 0 0 0 0 0 0 0 0 0 0 0 0 0 0 0 0 0 0 0 0 0 0 0 0 1 0 0 0 0 0 0 0 0 0 0 0 0 0 0 0 0 0 0 0 0 0 0 0 0 0 0 0 0 0 0 0 0 0 0 0 0 0 0 0 0 0 0 0 0 0 0 0 0 0 0 0 0 0 0 0 0 0 0 0 0 0 0 0 
0 0 0 0 0 0 0 0 0 0 0 0 0 0 0 0 0 0 0 0 0 0 0 0 0 0 0 0 0 0 0 0 0 0 0 0 0 0 0 0 0 0 0 0 0 0 0 0 0 0 0 0 0 0 0 0 0 0 0 0 0 0 0 0 1 0 0 0 0 0 0 0 0 0 0 0 0 0 0 0 0 0 0 0 0 0 0 0 0 0 0 0 0 0 0 0 0 0 0 0 0 0 0 0 0 0 0 0 0 0 0 0 0 0 0 0 0 0 0 0 0 0 0 0 0 0 0 0 
0 0 0 0 0 0 0 0 0 0 0 0 0 0 0 0 0 0 0 0 0 0 0 0 0 0 0 0 0 0 0 0 0 0 0 0 0 0 0 0 0 0 0 0 0 0 0 0 0 0 0 0 0 0 0 0 0 0 0 0 0 0 0 0 1 0 0 0 0 0 0 0 0 0 0 0 0 0 0 0 0 0 0 0 0 0 0 0 0 0 0 0 0 0 0 0 0 0 0 0 0 0 0 0 0 0 0 0 0 0 0 0 0 0 0 0 0 0 0 0 0 0 0 0 0 0 0 0 
0 0 0 0 0 0 0 0 0 0 0 0 0 0 0 0 0 0 0 0 0 0 0 0 0 0 0 0 0 0 0 0 0 0 0 0 0 0 0 0 0 0 0 0 0 0 0 0 0 0 0 0 0 0 0 0 0 0 0 0 0 0 0 0 1 0 0 0 0 0 0 0 0 0 0 0 0 0 0 0 0 0 0 0 0 0 0 0 0 0 0 0 0 0 0 0 0 0 0 0 0 0 0 0 0 0 0 0 0 0 0 0 0 0 0 0 0 0 0 0 0 0 0 0 0 0 0 0 
0 0.323551 0.487019 -0.000713348 0.34024 0.473856 -21.0312 0.34253 0.447178 -31.4375 0.321802 0.420946 -38.125 0.299111 0.404886 -41.2188 0.335642 0.367172 -18.4688 0.332847 0.319272 -31.125 0.32763 0.288905 -38.5312 0.322984 0.263827 -42.0625 0.319359 0.369317 -13 0.313264 0.358436 -26.3438 0.318924 0.398374 -27.125 0.324386 0.411994 -23.9375 0.305801 0.38269 -10.4531 0.302898 0.38386 -24.4844 0.312338 0.418136 -23.9531 0.318043 0.425955 -20.3125 0.295578 0.401526 -9.6875 0.297233 0.402331 -21.2031 0.303814 0.42433 -21.0781 0.30629 0.431979 -17.9219 1 0 0 0 0 0 0 0 0 0 0 0 0 0 0 0 0 0 0 0 0 0 0 0 0 0 0 0 0 0 0 0 0 0 0 0 0 0 0 0 0 0 0 0 0 0 0 0 0 0 0 0 0 0 0 0 0 0 0 0 0 0 0 0 
0 0.323067 0.48688 -0.000699997 0.339923 0.474165 -21.0781 0.342343 0.44778 -31.5938 0.321884 0.421451 -38.375 0.299471 0.404933 -41.5625 0.335777 0.367409 -18.9531 0.332855 0.319529 -31.8906 0.327432 0.289322 -39.4375 0.322458 0.264227 -43.0312 0.319639 0.369155 -13.4922 0.313617 0.358521 -27.1875 0.319408 0.398888 -27.7031 0.324782 0.412546 -24.2188 0.306112 0.381994 -10.9688 0.303423 0.383635 -25.3125 0.312856 0.418478 -24.3438 0.318398 0.426176 -20.375 0.295751 0.400548 -10.2422 0.297631 0.401076 -21.8438 0.304148 0.42366 -21.3906 0.306481 0.431368 -18 1 0 0 0 0 0 0 0 0 0 0 0 0 0 0 0 0 0 0 0 0 0 0 0 0 0 0 0 0 0 0 0 0 0 0 0 0 0 0 0 0 0 0 0 0 0 0 0 0 0 0 0 0 0 0 0 0 0 0 0 0 0 0 0 
0 0.318737 0.49937 -0.000510216 0.337274 0.480752 -19.5625 0.341979 0.449689 -28.8125 0.322364 0.42112 -34.7812 0.298825 0.405344 -37.2812 0.334665 0.368584 -15.2266 0.333881 0.316314 -26.4062 0.329365 0.281063 -33.125 0.32484 0.251026 -36.4375 0.31743 0.372744 -10.6016 0.312865 0.362652 -24.8281 0.318586 0.406901 -25.5938 0.323863 0.422836 -21.2344 0.302524 0.389388 -8.82812 0.30073 0.392756 -23.7656 0.310127 0.431 -22.8438 0.31594 0.441185 -18.0938 0.290407 0.411266 -8.73438 0.29298 0.414288 -20.6875 0.300335 0.441084 -19.7188 0.303565 0.451691 -15.375 1 0 0 0 0 0 0 0 0 0 0 0 0 0 0 0 0 0 0 0 0 0 0 0 0 0 0 0 0 0 0 0 0 0 0 0 0 0 0 0 0 0 0 0 0 0 0 0 0 0 0 0 0 0 0 0 0 0 0 0 0 0 0 0 
0 0.317146 0.496741 -0.000657082 0.334893 0.478108 -20.1875 0.33902 0.444894 -29.9531 0.318535 0.413302 -36.3438 0.294859 0.394668 -39.25 0.332972 0.369292 -15.1328 0.331182 0.321079 -27.7656 0.326397 0.28699 -35.9375 0.322016 0.258042 -40.125 0.314758 0.371946 -10.2422 0.308067 0.365841 -25.0156 0.314001 0.409189 -24.9844 0.320895 0.421886 -20.5625 0.298713 0.386786 -8.44531 0.295323 0.394553 -23.6094 0.30528 0.430819 -21.7344 0.312081 0.436989 -16.875 0.285593 0.406702 -8.41406 0.287011 0.414023 -20.3594 0.294235 0.4403 -18.3438 0.29768 0.447304 -13.4922 1 0 0 0 0 0 0 0 0 0 0 0 0 0 0 0 0 0 0 0 0 0 0 0 0 0 0 0 0 0 0 0 0 0 0 0 0 0 0 0 0 0 0 0 0 0 0 0 0 0 0 0 0 0 0 0 0 0 0 0 0 0 0 0 
0 0.317121 0.496942 -0.000634193 0.334874 0.478294 -20.2031 0.339101 0.445038 -29.9844 0.318589 0.413257 -36.375 0.294782 0.394466 -39.2812 0.333027 0.369221 -15.1875 0.33123 0.320987 -27.7812 0.326446 0.286978 -35.9062 0.321964 0.258135 -40.0938 0.314805 0.371883 -10.3047 0.308074 0.365975 -25.125 0.313964 0.409352 -25.125 0.320876 0.422237 -20.7031 0.298703 0.386749 -8.52344 0.295261 0.394534 -23.7031 0.305175 0.430824 -22.0156 0.312046 0.437166 -17.2812 0.285529 0.406692 -8.50781 0.286882 0.413844 -20.4688 0.294075 0.440327 -18.5625 0.297537 0.447517 -13.8203 1 0 0 0 0 0 0 0 0 0 0 0 0 0 0 0 0 0 0 0 0 0 0 0 0 0 0 0 0 0 0 0 0 0 0 0 0 0 0 0 0 0 0 0 0 0 0 0 0 0 0 0 0 0 0 0 0 0 0 0 0 0 0 0 
0 0.317062 0.496889 -0.000622272 0.333942 0.47788 -20.4531 0.337736 0.446056 -29.9219 0.317104 0.415239 -36.0312 0.293146 0.395216 -38.625 0.332804 0.369968 -15.1406 0.330934 0.321102 -26.8906 0.32603 0.287313 -34.1562 0.321443 0.258545 -37.8438 0.315517 0.373083 -10.1953 0.307704 0.363556 -25.8438 0.312771 0.407914 -26.3281 0.319346 0.42363 -21.1406 0.300217 0.387655 -8.30469 0.295118 0.391022 -24.3906 0.304837 0.428248 -23.7188 0.312207 0.43755 -18.7656 0.287529 0.407141 -8.08594 0.286906 0.410702 -20.9531 0.294543 0.437062 -19.7188 0.299323 0.446662 -14.8125 1 0 0 0 0 0 0 0 0 0 0 0 0 0 0 0 0 0 0 0 0 0 0 0 0 0 0 0 0 0 0 0 0 0 0 0 0 0 0 0 0 0 0 0 0 0 0 0 0 0 0 0 0 0 0 0 0 0 0 0 0 0 0 0 
0 0.318459 0.494919 -0.000733376 0.334175 0.476751 -20.8281 0.336738 0.446819 -30.8125 0.315507 0.416359 -37.0625 0.291868 0.396214 -39.7812 0.333637 0.3698 -16.5312 0.331335 0.320831 -28.2344 0.326564 0.287974 -35.125 0.322432 0.260119 -38.5938 0.316842 0.372495 -10.9297 0.307164 0.362351 -25.2344 0.311177 0.40478 -24.4688 0.318129 0.418826 -19.4375 0.301835 0.386511 -8.40625 0.295236 0.389486 -23.0156 0.303939 0.425299 -21.75 0.311015 0.433155 -17.4375 0.289458 0.40504 -7.60156 0.287654 0.408259 -19.1875 0.294336 0.433016 -17.7188 0.298876 0.44117 -13.5 1 0 0 0 0 0 0 0 0 0 0 0 0 0 0 0 0 0 0 0 0 0 0 0 0 0 0 0 0 0 0 0 0 0 0 0 0 0 0 0 0 0 0 0 0 0 0 0 0 0 0 0 0 0 0 0 0 0 0 0 0 0 0 0 
0 0.317656 0.496805 -0.000949383 0.335299 0.478275 -18.7188 0.339838 0.443164 -28.0781 0.321537 0.411172 -34.5 0.298693 0.394844 -37.4062 0.331063 0.372978 -11.6562 0.33048 0.327489 -22.9219 0.327462 0.293805 -29.5312 0.324804 0.264736 -32.6562 0.312995 0.377455 -7.58984 0.310421 0.372956 -22.3125 0.315405 0.413173 -23.8438 0.32051 0.426031 -20.0156 0.297856 0.39279 -6.47656 0.297557 0.401282 -21.9688 0.306068 0.434454 -22.625 0.311308 0.4405 -18.6562 0.286108 0.413397 -6.86328 0.289795 0.41935 -18.8594 0.296603 0.442365 -18.9062 0.299339 0.448853 -15.1797 1 0 0 0 0 0 0 0 0 0 0 0 0 0 0 0 0 0 0 0 0 0 0 0 0 0 0 0 0 0 0 0 0 0 0 0 0 0 0 0 0 0 0 0 0 0 0 0 0 0 0 0 0 0 0 0 0 0 0 0 0 0 0 0 
0 0.318796 0.512518 -0.000881195 0.338388 0.493742 -17.8125 0.342954 0.462794 -27.8125 0.325919 0.436417 -34.875 0.304348 0.424814 -38.4688 0.329671 0.390235 -14.8516 0.329031 0.344077 -25.9219 0.325308 0.312961 -31.9375 0.321909 0.285894 -34.7812 0.311417 0.395774 -11.1016 0.312162 0.391044 -23.7969 0.318667 0.427539 -24.1875 0.323716 0.438247 -21.2969 0.296746 0.412211 -10.0547 0.300629 0.419218 -23.625 0.309145 0.450844 -23.2188 0.313937 0.457076 -20.0469 0.285479 0.434142 -10.6094 0.292624 0.438506 -20.9219 0.299066 0.460849 -20.9531 0.300868 0.468021 -18.4688 1 0 0 0 0 0 0 0 0 0 0 0 0 0 0 0 0 0 0 0 0 0 0 0 0 0 0 0 0 0 0 0 0 0 0 0 0 0 0 0 0 0 0 0 0 0 0 0 0 0 0 0 0 0 0 0 0 0 0 0 0 0 0 0 
0 0.316854 0.510031 -0.00107956 0.33809 0.491543 -18.7031 0.343435 0.460858 -29.5625 0.326677 0.435644 -37.3125 0.304421 0.424841 -41.5312 0.328502 0.383446 -16.2188 0.32899 0.342816 -28.5938 0.325675 0.314819 -34.5 0.322794 0.289749 -37 0.309262 0.389024 -12.3516 0.313836 0.394055 -26.0625 0.320558 0.431721 -25 0.325441 0.439394 -21.0781 0.294405 0.406296 -11.4688 0.302629 0.424741 -26.3125 0.31117 0.456339 -23.5781 0.315257 0.458408 -18.6875 0.283571 0.428734 -12.2812 0.294503 0.442702 -23.5469 0.301148 0.465707 -21.9688 0.302282 0.469776 -18.0781 1 0 0 0 0 0 0 0 0 0 0 0 0 0 0 0 0 0 0 0 0 0 0 0 0 0 0 0 0 0 0 0 0 0 0 0 0 0 0 0 0 0 0 0 0 0 0 0 0 0 0 0 0 0 0 0 0 0 0 0 0 0 0 0 
0 0.317594 0.534902 -0.00100899 0.335242 0.510551 -13.9922 0.340971 0.481561 -21.4688 0.331301 0.457503 -26.3594 0.316416 0.447437 -30.3438 0.33059 0.41954 -17.5781 0.326696 0.371155 -26.6094 0.320948 0.337274 -32.625 0.315853 0.308043 -36.5625 0.315429 0.425149 -13.625 0.311668 0.41716 -21.8906 0.316593 0.445072 -20.4531 0.321535 0.456275 -19.1562 0.302271 0.44084 -11.3828 0.301366 0.445663 -21.3281 0.307144 0.472533 -20.7656 0.31084 0.482149 -19.9062 0.291477 0.459185 -10.1016 0.293761 0.462214 -17.7031 0.298079 0.481605 -18.0625 0.300097 0.490068 -18.125 1 0 0 0 0 0 0 0 0 0 0 0 0 0 0 0 0 0 0 0 0 0 0 0 0 0 0 0 0 0 0 0 0 0 0 0 0 0 0 0 0 0 0 0 0 0 0 0 0 0 0 0 0 0 0 0 0 0 0 0 0 0 0 0 
0 0.318479 0.535801 -0.00092268 0.335751 0.510647 -13.9062 0.34091 0.481938 -21.3906 0.330504 0.457078 -26.2031 0.315264 0.445959 -30.1406 0.331634 0.420955 -18.3281 0.327395 0.371171 -27.4844 0.321354 0.33705 -33.4062 0.31608 0.307921 -37.25 0.316465 0.426534 -14.0078 0.311193 0.416631 -21.7969 0.315242 0.443627 -19.7812 0.31995 0.454343 -18.4844 0.303323 0.441837 -11.3438 0.300878 0.445299 -20.3281 0.305982 0.471221 -18.9375 0.309504 0.480517 -18.0156 0.292276 0.459488 -9.6875 0.293509 0.461798 -16.4375 0.297328 0.480567 -16.2969 0.299171 0.488705 -16.375 1 0 0 0 0 0 0 0 0 0 0 0 0 0 0 0 0 0 0 0 0 0 0 0 0 0 0 0 0 0 0 0 0 0 0 0 0 0 0 0 0 0 0 0 0 0 0 0 0 0 0 0 0 0 0 0 0 0 0 0 0 0 0 0 
0 0 0 0 0 0 0 0 0 0 0 0 0 0 0 0 0 0 0 0 0 0 0 0 0 0 0 0 0 0 0 0 0 0 0 0 0 0 0 0 0 0 0 0 0 0 0 0 0 0 0 0 0 0 0 0 0 0 0 0 0 0 0 0 1 0 0 0 0 0 0 0 0 0 0 0 0 0 0 0 0 0 0 0 0 0 0 0 0 0 0 0 0 0 0 0 0 0 0 0 0 0 0 0 0 0 0 0 0 0 0 0 0 0 0 0 0 0 0 0 0 0 0 0 0 0 0 0 
0 0 0 0 0 0 0 0 0 0 0 0 0 0 0 0 0 0 0 0 0 0 0 0 0 0 0 0 0 0 0 0 0 0 0 0 0 0 0 0 0 0 0 0 0 0 0 0 0 0 0 0 0 0 0 0 0 0 0 0 0 0 0 0 1 0 0 0 0 0 0 0 0 0 0 0 0 0 0 0 0 0 0 0 0 0 0 0 0 0 0 0 0 0 0 0 0 0 0 0 0 0 0 0 0 0 0 0 0 0 0 0 0 0 0 0 0 0 0 0 0 0 0 0 0 0 0 0 
0 0 0 0 0 0 0 0 0 0 0 0 0 0 0 0 0 0 0 0 0 0 0 0 0 0 0 0 0 0 0 0 0 0 0 0 0 0 0 0 0 0 0 0 0 0 0 0 0 0 0 0 0 0 0 0 0 0 0 0 0 0 0 0 1 0 0 0 0 0 0 0 0 0 0 0 0 0 0 0 0 0 0 0 0 0 0 0 0 0 0 0 0 0 0 0 0 0 0 0 0 0 0 0 0 0 0 0 0 0 0 0 0 0 0 0 0 0 0 0 0 0 0 0 0 0 0 0 
0 0.356816 0.674996 -0.000641346 0.339415 0.709222 22.2344 0.329699 0.742183 26.9062 0.326976 0.770428 28.0781 0.3278 0.794316 28.1875 0.311738 0.755764 -4.10547 0.300576 0.817054 -6.18359 0.305656 0.848546 1.10449 0.310838 0.859507 8.49219 0.322588 0.758923 -15.9297 0.311301 0.830261 -19.8594 0.317562 0.860969 -10.4844 0.320816 0.870272 -2.39648 0.337783 0.760311 -24.7344 0.329313 0.826657 -27.875 0.333925 0.856197 -18.9062 0.33607 0.865649 -11.625 0.355408 0.760655 -31.0625 0.352037 0.813113 -32.6875 0.353618 0.839274 -27.1094 0.353834 0.851133 -21.5156 1 0 0 0 0 0 0 0 0 0 0 0 0 0 0 0 0 0 0 0 0 0 0 0 0 0 0 0 0 0 0 0 0 0 0 0 0 0 0 0 0 0 0 0 0 0 0 0 0 0 0 0 0 0 0 0 0 0 0 0 0 0 0 0 
0 0.356826 0.675771 -0.000709534 0.337788 0.708514 22.3125 0.327559 0.741544 27.0469 0.324695 0.770685 28.3594 0.325703 0.794756 28.7188 0.310781 0.754623 -4.70312 0.300177 0.817405 -6.03906 0.30609 0.848933 2.5293 0.311907 0.8598 10.8828 0.322118 0.758855 -16.2969 0.311422 0.83079 -19.3906 0.318094 0.860574 -8.64062 0.321695 0.869041 0.482666 0.337521 0.760899 -24.8281 0.329238 0.827932 -27.1719 0.333982 0.856212 -16.9531 0.336098 0.864776 -8.85156 0.355123 0.761809 -30.8906 0.351557 0.814469 -31.7656 0.352963 0.839691 -25.3281 0.353087 0.850594 -19.0625 1 0 0 0 0 0 0 0 0 0 0 0 0 0 0 0 0 0 0 0 0 0 0 0 0 0 0 0 0 0 0 0 0 0 0 0 0 0 0 0 0 0 0 0 0 0 0 0 0 0 0 0 0 0 0 0 0 0 0 0 0 0 0 0 
0 0 0 0 0 0 0 0 0 0 0 0 0 0 0 0 0 0 0 0 0 0 0 0 0 0 0 0 0 0 0 0 0 0 0 0 0 0 0 0 0 0 0 0 0 0 0 0 0 0 0 0 0 0 0 0 0 0 0 0 0 0 0 0 1 0 0 0 0 0 0 0 0 0 0 0 0 0 0 0 0 0 0 0 0 0 0 0 0 0 0 0 0 0 0 0 0 0 0 0 0 0 0 0 0 0 0 0 0 0 0 0 0 0 0 0 0 0 0 0 0 0 0 0 0 0 0 0 
0 0 0 0 0 0 0 0 0 0 0 0 0 0 0 0 0 0 0 0 0 0 0 0 0 0 0 0 0 0 0 0 0 0 0 0 0 0 0 0 0 0 0 0 0 0 0 0 0 0 0 0 0 0 0 0 0 0 0 0 0 0 0 0 1 0 0 0 0 0 0 0 0 0 0 0 0 0 0 0 0 0 0 0 0 0 0 0 0 0 0 0 0 0 0 0 0 0 0 0 0 0 0 0 0 0 0 0 0 0 0 0 0 0 0 0 0 0 0 0 0 0 0 0 0 0 0 0 
0 0 0 0 0 0 0 0 0 0 0 0 0 0 0 0 0 0 0 0 0 0 0 0 0 0 0 0 0 0 0 0 0 0 0 0 0 0 0 0 0 0 0 0 0 0 0 0 0 0 0 0 0 0 0 0 0 0 0 0 0 0 0 0 1 0 0 0 0 0 0 0 0 0 0 0 0 0 0 0 0 0 0 0 0 0 0 0 0 0 0 0 0 0 0 0 0 0 0 0 0 0 0 0 0 0 0 0 0 0 0 0 0 0 0 0 0 0 0 0 0 0 0 0 0 0 0 0 
0 0 0 0 0 0 0 0 0 0 0 0 0 0 0 0 0 0 0 0 0 0 0 0 0 0 0 0 0 0 0 0 0 0 0 0 0 0 0 0 0 0 0 0 0 0 0 0 0 0 0 0 0 0 0 0 0 0 0 0 0 0 0 0 1 0 0 0 0 0 0 0 0 0 0 0 0 0 0 0 0 0 0 0 0 0 0 0 0 0 0 0 0 0 0 0 0 0 0 0 0 0 0 0 0 0 0 0 0 0 0 0 0 0 0 0 0 0 0 0 0 0 0 0 0 0 0 0 
0 0 0 0 0 0 0 0 0 0 0 0 0 0 0 0 0 0 0 0 0 0 0 0 0 0 0 0 0 0 0 0 0 0 0 0 0 0 0 0 0 0 0 0 0 0 0 0 0 0 0 0 0 0 0 0 0 0 0 0 0 0 0 0 1 0 0 0 0 0 0 0 0 0 0 0 0 0 0 0 0 0 0 0 0 0 0 0 0 0 0 0 0 0 0 0 0 0 0 0 0 0 0 0 0 0 0 0 0 0 0 0 0 0 0 0 0 0 0 0 0 0 0 0 0 0 0 0 
0 0 0 0 0 0 0 0 0 0 0 0 0 0 0 0 0 0 0 0 0 0 0 0 0 0 0 0 0 0 0 0 0 0 0 0 0 0 0 0 0 0 0 0 0 0 0 0 0 0 0 0 0 0 0 0 0 0 0 0 0 0 0 0 1 0 0 0 0 0 0 0 0 0 0 0 0 0 0 0 0 0 0 0 0 0 0 0 0 0 0 0 0 0 0 0 0 0 0 0 0 0 0 0 0 0 0 0 0 0 0 0 0 0 0 0 0 0 0 0 0 0 0 0 0 0 0 0 
