0 0.500817 0.438845 0 0.525417 0.41923 0 0.532693 0.371965 0 0.526387 0.335507 0 0.517324 0.318701 0 0.517249 0.324021 0 0.514504 0.273873 0 0.51464 0.238927 0 0.513638 0.212753 0 0.500867 0.333373 0 0.504925 0.313722 0 0.511755 0.355157 0 0.511679 0.379199 0 0.485727 0.348969 0 0.490415 0.335291 0 0.500235 0.372007 0 0.502356 0.392993 0 0.472406 0.366848 0 0.480184 0.363314 0 0.489206 0.387287 0 0.492586 0.403731 0 1 0 0 0 0 0 0 0 0 0 0 0 0 0 0 0 0 0 0 0 0 0 0 0 0 0 0 0 0 0 0 0 0 0 0 0 0 0 0 0 0 0 0 0 0 0 0 0 0 0 0 0 0 0 0 0 0 0 0 0 0 0 0 0 
0 0.500009 0.441287 0 0.523521 0.421462 0 0.530937 0.37178 0 0.525498 0.33386 0 0.516821 0.317783 0 0.518742 0.326836 0 0.516563 0.277294 0 0.516316 0.241876 0 0.515138 0.215684 0 0.502075 0.3344 0 0.505444 0.31248 0 0.511451 0.353622 0 0.511158 0.378825 0 0.486331 0.348871 0 0.491487 0.334316 0 0.50025 0.370753 0 0.501461 0.392105 0 0.472146 0.3651 0 0.480955 0.361507 0 0.489564 0.386344 0 0.492109 0.404613 0 1 0 0 0 0 0 0 0 0 0 0 0 0 0 0 0 0 0 0 0 0 0 0 0 0 0 0 0 0 0 0 0 0 0 0 0 0 0 0 0 0 0 0 0 0 0 0 0 0 0 0 0 0 0 0 0 0 0 0 0 0 0 0 0 
0 0.499686 0.444557 0 0.524708 0.424597 0 0.533498 0.374682 0 0.527441 0.337245 0 0.516031 0.325024 0 0.517767 0.324806 0 0.516667 0.275688 0 0.515679 0.240824 0 0.514536 0.215445 0 0.501342 0.333042 0 0.506292 0.31389 0 0.51174 0.354146 0 0.511008 0.377675 0 0.485946 0.347263 0 0.492407 0.333734 0 0.5014 0.369167 0 0.502759 0.389262 0 0.471934 0.36425 0 0.481762 0.361987 0 0.491059 0.386807 0 0.493847 0.404358 0 1 0 0 0 0 0 0 0 0 0 0 0 0 0 0 0 0 0 0 0 0 0 0 0 0 0 0 0 0 0 0 0 0 0 0 0 0 0 0 0 0 0 0 0 0 0 0 0 0 0 0 0 0 0 0 0 0 0 0 0 0 0 0 0 
0 0.499525 0.444001 0 0.524795 0.423753 0 0.533314 0.373313 0 0.527675 0.336533 0 0.517156 0.323391 0 0.517096 0.321998 0 0.515674 0.273583 0 0.514875 0.238099 0 0.513629 0.212353 0 0.500858 0.330901 0 0.506319 0.313242 0 0.511802 0.353641 0 0.511077 0.377994 0 0.485677 0.34589 0 0.492027 0.333997 0 0.501175 0.368904 0 0.502739 0.38938 0 0.472004 0.363748 0 0.481631 0.362167 0 0.490863 0.385885 0 0.493755 0.402735 0 1 0 0 0 0 0 0 0 0 0 0 0 0 0 0 0 0 0 0 0 0 0 0 0 0 0 0 0 0 0 0 0 0 0 0 0 0 0 0 0 0 0 0 0 0 0 0 0 0 0 0 0 0 0 0 0 0 0 0 0 0 0 0 0 
0 0.500147 0.44375 0 0.52421 0.423704 0 0.532994 0.372914 0 0.527354 0.335977 0 0.515383 0.325247 0 0.516846 0.324714 0 0.516004 0.276772 0 0.515368 0.242412 0 0.514424 0.216476 0 0.50101 0.333324 0 0.505363 0.315606 0 0.510945 0.356114 0 0.510215 0.379797 0 0.48572 0.347816 0 0.491154 0.334564 0 0.499943 0.369839 0 0.501149 0.390277 0 0.47213 0.365514 0 0.479655 0.360428 0 0.488736 0.383098 0 0.491755 0.399828 0 1 0 0 0 0 0 0 0 0 0 0 0 0 0 0 0 0 0 0 0 0 0 0 0 0 0 0 0 0 0 0 0 0 0 0 0 0 0 0 0 0 0 0 0 0 0 0 0 0 0 0 0 0 0 0 0 0 0 0 0 0 0 0 0 
0 0.500001 0.443105 0 0.524291 0.422784 0 0.532376 0.371661 0 0.526505 0.334336 0 0.515825 0.321254 0 0.5182 0.326815 0 0.516629 0.27733 0 0.516519 0.241425 0 0.515923 0.214045 0 0.501785 0.334744 0 0.506649 0.315324 0 0.511894 0.356081 0 0.510528 0.380703 0 0.486276 0.349122 0 0.492053 0.334926 0 0.500905 0.370705 0 0.501758 0.391698 0 0.472432 0.365524 0 0.481157 0.361418 0 0.490088 0.38518 0 0.492817 0.402537 0 1 0 0 0 0 0 0 0 0 0 0 0 0 0 0 0 0 0 0 0 0 0 0 0 0 0 0 0 0 0 0 0 0 0 0 0 0 0 0 0 0 0 0 0 0 0 0 0 0 0 0 0 0 0 0 0 0 0 0 0 0 0 0 0 
0 0.499812 0.442097 0 0.523396 0.424016 0 0.531483 0.373889 0 0.525835 0.336603 0 0.515752 0.321738 0 0.517982 0.327612 0 0.516373 0.276979 0 0.516602 0.242468 0 0.515925 0.21732 0 0.501467 0.335642 0 0.50672 0.316538 0 0.512209 0.357153 0 0.510841 0.381206 0 0.485609 0.349864 0 0.4922 0.336719 0 0.500779 0.372842 0 0.50144 0.393246 0 0.471801 0.366485 0 0.480419 0.362164 0 0.489168 0.385358 0 0.491729 0.40166 0 1 0 0 0 0 0 0 0 0 0 0 0 0 0 0 0 0 0 0 0 0 0 0 0 0 0 0 0 0 0 0 0 0 0 0 0 0 0 0 0 0 0 0 0 0 0 0 0 0 0 0 0 0 0 0 0 0 0 0 0 0 0 0 0 
0 0.500121 0.44174 0 0.523908 0.423223 0 0.532365 0.372579 0 0.52665 0.334219 0 0.516327 0.318817 0 0.518447 0.326376 0 0.516618 0.277618 0 0.516377 0.242545 0 0.515768 0.215827 0 0.501974 0.33445 0 0.506055 0.315753 0 0.511678 0.356244 0 0.510751 0.380454 0 0.486253 0.349005 0 0.491689 0.335803 0 0.500282 0.371524 0 0.501207 0.392247 0 0.472366 0.36609 0 0.480306 0.360984 0 0.489107 0.384216 0 0.492014 0.400998 0 1 0 0 0 0 0 0 0 0 0 0 0 0 0 0 0 0 0 0 0 0 0 0 0 0 0 0 0 0 0 0 0 0 0 0 0 0 0 0 0 0 0 0 0 0 0 0 0 0 0 0 0 0 0 0 0 0 0 0 0 0 0 0 0 
0 0.500145 0.443368 0 0.52351 0.425049 0 0.532983 0.375327 0 0.526977 0.338499 0 0.514327 0.328888 0 0.517024 0.325156 0 0.516995 0.277146 0 0.516908 0.244346 0 0.516487 0.219582 0 0.501196 0.334497 0 0.505583 0.316375 0 0.511069 0.355874 0 0.510682 0.378838 0 0.485857 0.348829 0 0.4915 0.335371 0 0.500324 0.370804 0 0.501313 0.390552 0 0.472099 0.366418 0 0.479738 0.360753 0 0.488977 0.384192 0 0.491755 0.401202 0 1 0 0 0 0 0 0 0 0 0 0 0 0 0 0 0 0 0 0 0 0 0 0 0 0 0 0 0 0 0 0 0 0 0 0 0 0 0 0 0 0 0 0 0 0 0 0 0 0 0 0 0 0 0 0 0 0 0 0 0 0 0 0 0 
0 0.500356 0.444162 0 0.52374 0.425636 0 0.533301 0.376637 0 0.529936 0.341742 0 0.519608 0.328813 0 0.517583 0.326728 0 0.519688 0.280187 0 0.520473 0.24837 0 0.520722 0.22383 0 0.501829 0.335041 0 0.507028 0.317522 0 0.513128 0.356371 0 0.512729 0.379933 0 0.486177 0.349513 0 0.492652 0.336895 0 0.501851 0.372761 0 0.502754 0.394927 0 0.472111 0.367657 0 0.480778 0.361821 0 0.49007 0.384875 0 0.492737 0.402595 0 1 0 0 0 0 0 0 0 0 0 0 0 0 0 0 0 0 0 0 0 0 0 0 0 0 0 0 0 0 0 0 0 0 0 0 0 0 0 0 0 0 0 0 0 0 0 0 0 0 0 0 0 0 0 0 0 0 0 0 0 0 0 0 0 
0 0.498753 0.441808 0 0.52491 0.421195 0 0.536132 0.378173 0 0.536295 0.346105 0 0.528299 0.330858 0 0.519089 0.321112 0 0.521017 0.274042 0 0.522178 0.238143 0 0.524525 0.209773 0 0.503846 0.330347 0 0.516382 0.3185 0 0.522002 0.36019 0 0.522419 0.382375 0 0.488945 0.345461 0 0.503527 0.340843 0 0.511802 0.376049 0 0.512525 0.394235 0 0.476886 0.364315 0 0.491721 0.367903 0 0.501488 0.392819 0 0.50475 0.406608 0 1 0 0 0 0 0 0 0 0 0 0 0 0 0 0 0 0 0 0 0 0 0 0 0 0 0 0 0 0 0 0 0 0 0 0 0 0 0 0 0 0 0 0 0 0 0 0 0 0 0 0 0 0 0 0 0 0 0 0 0 0 0 0 0 
0 0.496487 0.441701 0 0.525344 0.418073 0 0.537535 0.382644 0 0.54156 0.357878 0 0.539463 0.342002 0 0.520507 0.319827 0 0.524386 0.270903 0 0.527685 0.238529 0 0.528768 0.214374 0 0.504291 0.328666 0 0.523473 0.320116 0 0.531724 0.36157 0 0.531176 0.385454 0 0.49084 0.343375 0 0.511682 0.34875 0 0.520948 0.385754 0 0.51949 0.403129 0 0.480503 0.360455 0 0.499627 0.370808 0 0.510722 0.395438 0 0.512409 0.406622 0 1 0 0 0 0 0 0 0 0 0 0 0 0 0 0 0 0 0 0 0 0 0 0 0 0 0 0 0 0 0 0 0 0 0 0 0 0 0 0 0 0 0 0 0 0 0 0 0 0 0 0 0 0 0 0 0 0 0 0 0 0 0 0 0 
0 0.497597 0.439663 0 0.526393 0.411137 0 0.538438 0.382848 0 0.548782 0.364334 0 0.559723 0.34636 0 0.524628 0.330311 0 0.526991 0.28569 0 0.532981 0.259303 0 0.537943 0.240948 0 0.511652 0.337014 0 0.526911 0.312613 0 0.538004 0.341412 0 0.540046 0.363273 0 0.500311 0.349371 0 0.519774 0.340496 0 0.531125 0.373695 0 0.532083 0.392781 0 0.490023 0.365476 0 0.510045 0.364358 0 0.520863 0.383416 0 0.522576 0.392233 0 1 0 0 0 0 0 0 0 0 0 0 0 0 0 0 0 0 0 0 0 0 0 0 0 0 0 0 0 0 0 0 0 0 0 0 0 0 0 0 0 0 0 0 0 0 0 0 0 0 0 0 0 0 0 0 0 0 0 0 0 0 0 0 0 
0 0.499995 0.428154 0 0.530951 0.410766 0 0.545427 0.389439 0 0.555776 0.37869 0 0.559809 0.372272 0 0.531378 0.328164 0 0.538908 0.286423 0 0.547141 0.257947 0 0.553436 0.238685 0 0.518634 0.332835 0 0.538164 0.316604 0 0.546542 0.345711 0 0.544451 0.367407 0 0.508914 0.346706 0 0.534453 0.342671 0 0.541561 0.373212 0 0.538015 0.388386 0 0.500407 0.364982 0 0.523286 0.36419 0 0.530424 0.382847 0 0.528634 0.390724 0 1 0 0 0 0 0 0 0 0 0 0 0 0 0 0 0 0 0 0 0 0 0 0 0 0 0 0 0 0 0 0 0 0 0 0 0 0 0 0 0 0 0 0 0 0 0 0 0 0 0 0 0 0 0 0 0 0 0 0 0 0 0 0 0 
0 0.506498 0.436928 0 0.538003 0.411242 0 0.551095 0.376063 0 0.555905 0.348401 0 0.555538 0.331991 0 0.534494 0.324255 0 0.548997 0.28192 0 0.556993 0.251403 0 0.564725 0.228109 0 0.522657 0.325685 0 0.555514 0.32497 0 0.557975 0.358256 0 0.553771 0.375395 0 0.515336 0.33916 0 0.552839 0.348269 0 0.55427 0.379907 0 0.547811 0.393348 0 0.510563 0.358306 0 0.543251 0.369166 0 0.546531 0.391654 0 0.542358 0.403626 0 1 0 0 0 0 0 0 0 0 0 0 0 0 0 0 0 0 0 0 0 0 0 0 0 0 0 0 0 0 0 0 0 0 0 0 0 0 0 0 0 0 0 0 0 0 0 0 0 0 0 0 0 0 0 0 0 0 0 0 0 0 0 0 0 
0 0.515473 0.434181 0 0.545037 0.41458 0 0.558515 0.381794 0 0.56362 0.353793 0 0.564478 0.337675 0 0.540139 0.324822 0 0.553063 0.28283 0 0.559621 0.253095 0 0.566748 0.23106 0 0.527962 0.325362 0 0.561941 0.327715 0 0.563932 0.354649 0 0.560845 0.369995 0 0.521524 0.337519 0 0.559426 0.350726 0 0.559704 0.378116 0 0.553726 0.392659 0 0.517549 0.356804 0 0.550946 0.370219 0 0.553176 0.391713 0 0.548223 0.405319 0 1 0 0 0 0 0 0 0 0 0 0 0 0 0 0 0 0 0 0 0 0 0 0 0 0 0 0 0 0 0 0 0 0 0 0 0 0 0 0 0 0 0 0 0 0 0 0 0 0 0 0 0 0 0 0 0 0 0 0 0 0 0 0 0 
0 0.521071 0.435919 0 0.54998 0.415183 0 0.5627 0.377213 0 0.568942 0.349213 0 0.573503 0.334152 0 0.538346 0.322137 0 0.553784 0.281705 0 0.563057 0.25527 0 0.570198 0.235028 0 0.52931 0.326293 0 0.567629 0.326459 0 0.569739 0.358609 0 0.564486 0.375562 0 0.526019 0.339664 0 0.56624 0.345413 0 0.567045 0.375608 0 0.561065 0.390454 0 0.526386 0.35831 0 0.559082 0.367251 0 0.560987 0.389714 0 0.555929 0.401324 0 1 0 0 0 0 0 0 0 0 0 0 0 0 0 0 0 0 0 0 0 0 0 0 0 0 0 0 0 0 0 0 0 0 0 0 0 0 0 0 0 0 0 0 0 0 0 0 0 0 0 0 0 0 0 0 0 0 0 0 0 0 0 0 0 
0 0.526127 0.443835 0 0.557693 0.420904 0 0.568263 0.38515 0 0.570501 0.354799 0 0.565764 0.337597 0 0.553568 0.32856 0 0.568509 0.287516 0 0.574341 0.25811 0 0.581203 0.23436 0 0.54051 0.327058 0 0.572012 0.330152 0 0.572405 0.35507 0 0.567968 0.370087 0 0.532197 0.34042 0 0.565971 0.353568 0 0.56541 0.383808 0 0.559034 0.400727 0 0.528112 0.361316 0 0.556953 0.369678 0 0.561647 0.387335 0 0.558293 0.396602 0 1 0 0 0 0 0 0 0 0 0 0 0 0 0 0 0 0 0 0 0 0 0 0 0 0 0 0 0 0 0 0 0 0 0 0 0 0 0 0 0 0 0 0 0 0 0 0 0 0 0 0 0 0 0 0 0 0 0 0 0 0 0 0 0 
0 0.525895 0.438467 0 0.555667 0.421563 0 0.568778 0.391913 0 0.574481 0.364792 0 0.572263 0.340973 0 0.553414 0.330968 0 0.569671 0.294137 0 0.575878 0.262746 0 0.583933 0.237476 0 0.541136 0.326561 0 0.572307 0.323519 0 0.575774 0.332739 0 0.57707 0.341834 0 0.534983 0.337706 0 0.568131 0.352896 0 0.56854 0.38361 0 0.563657 0.403221 0 0.533125 0.358094 0 0.563678 0.367205 0 0.567325 0.387117 0 0.562315 0.402652 0 1 0 0 0 0 0 0 0 0 0 0 0 0 0 0 0 0 0 0 0 0 0 0 0 0 0 0 0 0 0 0 0 0 0 0 0 0 0 0 0 0 0 0 0 0 0 0 0 0 0 0 0 0 0 0 0 0 0 0 0 0 0 0 0 
0 0.522442 0.439512 0 0.555067 0.425785 0 0.56671 0.394904 0 0.570093 0.366716 0 0.570045 0.343756 0 0.548903 0.334348 0 0.56282 0.296493 0 0.571072 0.271151 0 0.579158 0.255379 0 0.538107 0.330386 0 0.571344 0.327738 0 0.576829 0.342833 0 0.577759 0.359382 0 0.534581 0.339885 0 0.57085 0.354041 0 0.571377 0.381884 0 0.565409 0.400183 0 0.536671 0.359349 0 0.569583 0.371023 0 0.572009 0.392824 0 0.566398 0.407334 0 1 0 0 0 0 0 0 0 0 0 0 0 0 0 0 0 0 0 0 0 0 0 0 0 0 0 0 0 0 0 0 0 0 0 0 0 0 0 0 0 0 0 0 0 0 0 0 0 0 0 0 0 0 0 0 0 0 0 0 0 0 0 0 0 
0 0.526561 0.446652 0 0.556057 0.431849 0 0.569055 0.403339 0 0.575652 0.373083 0 0.574869 0.347682 0 0.552954 0.345058 0 0.568769 0.305031 0 0.576041 0.27416 0 0.584155 0.252252 0 0.544872 0.339649 0 0.573554 0.331118 0 0.577998 0.339665 0 0.580106 0.351339 0 0.542378 0.348194 0 0.57233 0.352666 0 0.574565 0.377487 0 0.571087 0.396639 0 0.543151 0.364957 0 0.569314 0.369972 0 0.573731 0.388301 0 0.570775 0.403469 0 1 0 0 0 0 0 0 0 0 0 0 0 0 0 0 0 0 0 0 0 0 0 0 0 0 0 0 0 0 0 0 0 0 0 0 0 0 0 0 0 0 0 0 0 0 0 0 0 0 0 0 0 0 0 0 0 0 0 0 0 0 0 0 0 
0 0.530882 0.44502 0 0.558739 0.423875 0 0.572575 0.398854 0 0.57816 0.371785 0 0.574637 0.348209 0 0.559854 0.342636 0 0.5758 0.308796 0 0.580663 0.282781 0 0.585161 0.262134 0 0.550987 0.336147 0 0.570409 0.315348 0 0.577512 0.299534 0 0.58635 0.29177 0 0.545708 0.344989 0 0.575152 0.352103 0 0.575722 0.38152 0 0.570432 0.406084 0 0.543127 0.362269 0 0.568676 0.367479 0 0.571807 0.389373 0 0.568687 0.409536 0 1 0 0 0 0 0 0 0 0 0 0 0 0 0 0 0 0 0 0 0 0 0 0 0 0 0 0 0 0 0 0 0 0 0 0 0 0 0 0 0 0 0 0 0 0 0 0 0 0 0 0 0 0 0 0 0 0 0 0 0 0 0 0 0 
0 0.528486 0.443136 0 0.558156 0.425089 0 0.572504 0.398423 0 0.579317 0.368733 0 0.577016 0.342167 0 0.558428 0.34075 0 0.576963 0.306559 0 0.584567 0.279238 0 0.59095 0.259189 0 0.549559 0.337506 0 0.575834 0.326349 0 0.582 0.323367 0 0.587581 0.327141 0 0.545364 0.346977 0 0.576901 0.357541 0 0.576914 0.384679 0 0.571235 0.406523 0 0.544236 0.363762 0 0.570722 0.371483 0 0.572927 0.392637 0 0.568939 0.409854 0 1 0 0 0 0 0 0 0 0 0 0 0 0 0 0 0 0 0 0 0 0 0 0 0 0 0 0 0 0 0 0 0 0 0 0 0 0 0 0 0 0 0 0 0 0 0 0 0 0 0 0 0 0 0 0 0 0 0 0 0 0 0 0 0 
0 0.53139 0.442474 0 0.557823 0.425479 0 0.573132 0.403739 0 0.579847 0.37397 0 0.576692 0.343656 0 0.558833 0.345126 0 0.574569 0.310285 0 0.579664 0.289611 0 0.583873 0.277426 0 0.551175 0.339839 0 0.573965 0.319887 0 0.581122 0.308119 0 0.588905 0.305106 0 0.547066 0.348502 0 0.576646 0.354349 0 0.576774 0.381853 0 0.57136 0.405127 0 0.545608 0.36466 0 0.570776 0.368952 0 0.57336 0.388428 0 0.570567 0.406679 0 1 0 0 0 0 0 0 0 0 0 0 0 0 0 0 0 0 0 0 0 0 0 0 0 0 0 0 0 0 0 0 0 0 0 0 0 0 0 0 0 0 0 0 0 0 0 0 0 0 0 0 0 0 0 0 0 0 0 0 0 0 0 0 0 
0 0.527949 0.448141 0 0.554326 0.428079 0 0.568877 0.404364 0 0.575251 0.376287 0 0.573747 0.349703 0 0.557164 0.343903 0 0.573377 0.295284 0 0.579705 0.262224 0 0.58563 0.238613 0 0.547653 0.33894 0 0.571799 0.322245 0 0.577971 0.317459 0 0.585438 0.320828 0 0.54303 0.348125 0 0.575059 0.361061 0 0.576201 0.390846 0 0.572349 0.41451 0 0.541128 0.364762 0 0.567588 0.370307 0 0.56953 0.389183 0 0.565646 0.407112 0 1 0 0 0 0 0 0 0 0 0 0 0 0 0 0 0 0 0 0 0 0 0 0 0 0 0 0 0 0 0 0 0 0 0 0 0 0 0 0 0 0 0 0 0 0 0 0 0 0 0 0 0 0 0 0 0 0 0 0 0 0 0 0 0 
0 0.533567 0.442704 0 0.55721 0.422107 0 0.574529 0.40089 0 0.582036 0.37594 0 0.57994 0.354067 0 0.564678 0.33506 0 0.580736 0.289198 0 0.585918 0.257287 0 0.59174 0.232616 0 0.554363 0.331472 0 0.573614 0.308782 0 0.579514 0.300438 0 0.587083 0.298105 0 0.546846 0.344174 0 0.575004 0.350896 0 0.57863 0.383725 0 0.576053 0.408049 0 0.541774 0.362504 0 0.565965 0.366441 0 0.56945 0.385762 0 0.566096 0.405466 0 1 0 0 0 0 0 0 0 0 0 0 0 0 0 0 0 0 0 0 0 0 0 0 0 0 0 0 0 0 0 0 0 0 0 0 0 0 0 0 0 0 0 0 0 0 0 0 0 0 0 0 0 0 0 0 0 0 0 0 0 0 0 0 0 
0 0.537408 0.440077 0 0.56044 0.418643 0 0.574353 0.397884 0 0.57751 0.37052 0 0.572184 0.351422 0 0.565688 0.3365 0 0.581177 0.290348 0 0.58648 0.256267 0 0.5938 0.230296 0 0.555992 0.334737 0 0.573774 0.308936 0 0.579391 0.297284 0 0.589319 0.289817 0 0.548638 0.346847 0 0.57345 0.349675 0 0.575382 0.383568 0 0.574134 0.409428 0 0.543237 0.363965 0 0.563941 0.362514 0 0.568074 0.383557 0 0.567699 0.408548 0 1 0 0 0 0 0 0 0 0 0 0 0 0 0 0 0 0 0 0 0 0 0 0 0 0 0 0 0 0 0 0 0 0 0 0 0 0 0 0 0 0 0 0 0 0 0 0 0 0 0 0 0 0 0 0 0 0 0 0 0 0 0 0 0 
0 0.536605 0.439131 0 0.557508 0.420475 0 0.574655 0.399799 0 0.582502 0.374947 0 0.581462 0.353151 0 0.56486 0.333875 0 0.578264 0.285121 0 0.580901 0.251823 0 0.585355 0.22761 0 0.555284 0.332974 0 0.574238 0.311427 0 0.579859 0.307875 0 0.587511 0.308171 0 0.54846 0.345878 0 0.573968 0.348947 0 0.578629 0.381487 0 0.57762 0.40879 0 0.542872 0.363781 0 0.564051 0.363611 0 0.569543 0.382954 0 0.568647 0.406755 0 1 0 0 0 0 0 0 0 0 0 0 0 0 0 0 0 0 0 0 0 0 0 0 0 0 0 0 0 0 0 0 0 0 0 0 0 0 0 0 0 0 0 0 0 0 0 0 0 0 0 0 0 0 0 0 0 0 0 0 0 0 0 0 0 
0 0.533743 0.443202 0 0.558345 0.423744 0 0.573732 0.400198 0 0.580189 0.372154 0 0.575433 0.348125 0 0.565961 0.334799 0 0.580384 0.284832 0 0.584551 0.24997 0 0.589691 0.224342 0 0.553919 0.334288 0 0.576317 0.318797 0 0.580101 0.326734 0 0.583815 0.337017 0 0.546007 0.346746 0 0.574263 0.350931 0 0.578129 0.382099 0 0.574766 0.407167 0 0.54017 0.363661 0 0.564051 0.363935 0 0.568066 0.380929 0 0.563834 0.399255 0 1 0 0 0 0 0 0 0 0 0 0 0 0 0 0 0 0 0 0 0 0 0 0 0 0 0 0 0 0 0 0 0 0 0 0 0 0 0 0 0 0 0 0 0 0 0 0 0 0 0 0 0 0 0 0 0 0 0 0 0 0 0 0 0 
0 0.533358 0.44388 0 0.556796 0.423817 0 0.572774 0.398446 0 0.5784 0.368843 0 0.573443 0.34484 0 0.560849 0.337925 0 0.575981 0.290169 0 0.579191 0.254031 0 0.584323 0.227534 0 0.550381 0.332996 0 0.571048 0.310909 0 0.574837 0.306401 0 0.580255 0.309831 0 0.543803 0.343152 0 0.574301 0.344614 0 0.578401 0.374456 0 0.575926 0.399434 0 0.540898 0.361226 0 0.566999 0.361146 0 0.571235 0.382117 0 0.567891 0.403685 0 1 0 0 0 0 0 0 0 0 0 0 0 0 0 0 0 0 0 0 0 0 0 0 0 0 0 0 0 0 0 0 0 0 0 0 0 0 0 0 0 0 0 0 0 0 0 0 0 0 0 0 0 0 0 0 0 0 0 0 0 0 0 0 0 
0 0.534748 0.445713 0 0.558877 0.425618 0 0.573904 0.400306 0 0.5804 0.371102 0 0.576799 0.347593 0 0.561422 0.337681 0 0.575642 0.290692 0 0.578395 0.252116 0 0.582354 0.222272 0 0.550636 0.333111 0 0.574306 0.318318 0 0.577818 0.321356 0 0.580617 0.328959 0 0.544183 0.345345 0 0.574947 0.349508 0 0.579638 0.377138 0 0.57616 0.399996 0 0.54095 0.36465 0 0.566038 0.365124 0 0.570473 0.383773 0 0.566339 0.402806 0 1 0 0 0 0 0 0 0 0 0 0 0 0 0 0 0 0 0 0 0 0 0 0 0 0 0 0 0 0 0 0 0 0 0 0 0 0 0 0 0 0 0 0 0 0 0 0 0 0 0 0 0 0 0 0 0 0 0 0 0 0 0 0 0 
0 0.533202 0.444435 0 0.557106 0.424445 0 0.57244 0.399186 0 0.579391 0.372157 0 0.576474 0.346148 0 0.560387 0.334318 0 0.57643 0.289806 0 0.580551 0.254563 0 0.585285 0.228485 0 0.549771 0.330998 0 0.574199 0.318384 0 0.578969 0.319458 0 0.58382 0.325962 0 0.544054 0.343039 0 0.576452 0.349906 0 0.57969 0.37815 0 0.575733 0.402067 0 0.541769 0.361938 0 0.568345 0.364111 0 0.572019 0.382837 0 0.567753 0.401741 0 1 0 0 0 0 0 0 0 0 0 0 0 0 0 0 0 0 0 0 0 0 0 0 0 0 0 0 0 0 0 0 0 0 0 0 0 0 0 0 0 0 0 0 0 0 0 0 0 0 0 0 0 0 0 0 0 0 0 0 0 0 0 0 0 
0 0.534351 0.446357 0 0.55993 0.423384 0 0.575927 0.397762 0 0.584355 0.369987 0 0.583288 0.345934 0 0.562858 0.336549 0 0.575949 0.290109 0 0.578762 0.252226 0 0.58436 0.22277 0 0.551587 0.335682 0 0.577031 0.324849 0 0.580946 0.334148 0 0.583823 0.347112 0 0.545404 0.346836 0 0.575765 0.351473 0 0.580426 0.378877 0 0.577528 0.403129 0 0.541577 0.363772 0 0.566571 0.36314 0 0.571594 0.38165 0 0.568148 0.403051 0 1 0 0 0 0 0 0 0 0 0 0 0 0 0 0 0 0 0 0 0 0 0 0 0 0 0 0 0 0 0 0 0 0 0 0 0 0 0 0 0 0 0 0 0 0 0 0 0 0 0 0 0 0 0 0 0 0 0 0 0 0 0 0 0 
0 0.535855 0.444752 0 0.559503 0.421972 0 0.575536 0.395783 0 0.585119 0.369864 0 0.585346 0.350906 0 0.563673 0.335922 0 0.576864 0.288891 0 0.580388 0.252859 0 0.585134 0.224123 0 0.553167 0.336726 0 0.5777 0.324155 0 0.582771 0.336685 0 0.585842 0.348747 0 0.547495 0.349654 0 0.576084 0.355083 0 0.58097 0.382448 0 0.578314 0.404276 0 0.542895 0.366729 0 0.565228 0.365871 0 0.570613 0.38363 0 0.567895 0.403288 0 1 0 0 0 0 0 0 0 0 0 0 0 0 0 0 0 0 0 0 0 0 0 0 0 0 0 0 0 0 0 0 0 0 0 0 0 0 0 0 0 0 0 0 0 0 0 0 0 0 0 0 0 0 0 0 0 0 0 0 0 0 0 0 0 
0 0.535212 0.444243 0 0.559067 0.421602 0 0.574767 0.397451 0 0.581859 0.371659 0 0.579815 0.350038 0 0.564721 0.333619 0 0.579266 0.289344 0 0.582109 0.250822 0 0.587497 0.220194 0 0.553479 0.331223 0 0.575799 0.316258 0 0.580717 0.322637 0 0.586127 0.331807 0 0.54603 0.343497 0 0.574785 0.34694 0 0.580529 0.377075 0 0.579287 0.402059 0 0.54105 0.362441 0 0.566015 0.362478 0 0.571317 0.381058 0 0.568563 0.401138 0 1 0 0 0 0 0 0 0 0 0 0 0 0 0 0 0 0 0 0 0 0 0 0 0 0 0 0 0 0 0 0 0 0 0 0 0 0 0 0 0 0 0 0 0 0 0 0 0 0 0 0 0 0 0 0 0 0 0 0 0 0 0 0 0 
0 0.534077 0.44258 0 0.557627 0.423642 0 0.573595 0.397853 0 0.580574 0.369858 0 0.577633 0.345593 0 0.55923 0.335006 0 0.574651 0.291719 0 0.576815 0.255331 0 0.581861 0.226388 0 0.549081 0.330491 0 0.573149 0.315305 0 0.576893 0.313648 0 0.581943 0.317616 0 0.543627 0.341446 0 0.576664 0.34612 0 0.57921 0.37648 0 0.575214 0.40308 0 0.541638 0.360472 0 0.56864 0.360883 0 0.572287 0.380618 0 0.568178 0.401624 0 1 0 0 0 0 0 0 0 0 0 0 0 0 0 0 0 0 0 0 0 0 0 0 0 0 0 0 0 0 0 0 0 0 0 0 0 0 0 0 0 0 0 0 0 0 0 0 0 0 0 0 0 0 0 0 0 0 0 0 0 0 0 0 0 
0 0.534243 0.441841 0 0.558763 0.424137 0 0.574311 0.398114 0 0.581906 0.372403 0 0.580364 0.348088 0 0.55974 0.336881 0 0.574373 0.294095 0 0.577309 0.259692 0 0.581534 0.233442 0 0.549404 0.331991 0 0.574159 0.316999 0 0.578966 0.317574 0 0.583508 0.322791 0 0.543839 0.34263 0 0.5759 0.347697 0 0.578729 0.377364 0 0.574886 0.402449 0 0.541905 0.360932 0 0.568949 0.364799 0 0.571871 0.385051 0 0.567119 0.404579 0 1 0 0 0 0 0 0 0 0 0 0 0 0 0 0 0 0 0 0 0 0 0 0 0 0 0 0 0 0 0 0 0 0 0 0 0 0 0 0 0 0 0 0 0 0 0 0 0 0 0 0 0 0 0 0 0 0 0 0 0 0 0 0 0 
0 0.533451 0.439629 0 0.559584 0.423877 0 0.572983 0.397189 0 0.577501 0.369876 0 0.574158 0.347474 0 0.55953 0.342193 0 0.575476 0.303122 0 0.578111 0.274876 0 0.58273 0.253391 0 0.549653 0.334771 0 0.572449 0.308933 0 0.578321 0.293367 0 0.585687 0.286012 0 0.54366 0.342756 0 0.573992 0.341389 0 0.576451 0.372596 0 0.57399 0.398906 0 0.542103 0.358042 0 0.568635 0.357181 0 0.572289 0.37713 0 0.569703 0.39689 0 1 0 0 0 0 0 0 0 0 0 0 0 0 0 0 0 0 0 0 0 0 0 0 0 0 0 0 0 0 0 0 0 0 0 0 0 0 0 0 0 0 0 0 0 0 0 0 0 0 0 0 0 0 0 0 0 0 0 0 0 0 0 0 0 
0 0.529866 0.440999 0 0.555364 0.427589 0 0.56914 0.400348 0 0.575355 0.371362 0 0.573814 0.345257 0 0.552887 0.344476 0 0.568836 0.311277 0 0.573011 0.286026 0 0.578472 0.266412 0 0.545128 0.334544 0 0.569986 0.31031 0 0.577152 0.293886 0 0.585216 0.2879 0 0.541852 0.340548 0 0.575167 0.342244 0 0.57713 0.372075 0 0.573366 0.397611 0 0.544014 0.356849 0 0.57221 0.357878 0 0.575857 0.378707 0 0.573471 0.399207 0 1 0 0 0 0 0 0 0 0 0 0 0 0 0 0 0 0 0 0 0 0 0 0 0 0 0 0 0 0 0 0 0 0 0 0 0 0 0 0 0 0 0 0 0 0 0 0 0 0 0 0 0 0 0 0 0 0 0 0 0 0 0 0 0 
0 0.529338 0.439946 0 0.555818 0.427362 0 0.569755 0.398492 0 0.576398 0.367301 0 0.575008 0.340245 0 0.553148 0.339981 0 0.569302 0.303879 0 0.573065 0.279553 0 0.578289 0.263318 0 0.545309 0.332195 0 0.573616 0.312333 0 0.580285 0.303483 0 0.586675 0.303494 0 0.542233 0.338842 0 0.576646 0.343101 0 0.578393 0.371827 0 0.574122 0.395991 0 0.543732 0.353948 0 0.571086 0.356584 0 0.574954 0.375557 0 0.572807 0.393394 0 1 0 0 0 0 0 0 0 0 0 0 0 0 0 0 0 0 0 0 0 0 0 0 0 0 0 0 0 0 0 0 0 0 0 0 0 0 0 0 0 0 0 0 0 0 0 0 0 0 0 0 0 0 0 0 0 0 0 0 0 0 0 0 0 
0 0.530954 0.43712 0 0.555657 0.424338 0 0.569685 0.400747 0 0.575644 0.372663 0 0.573014 0.344296 0 0.553933 0.345144 0 0.569758 0.314319 0 0.572371 0.295703 0 0.576794 0.282598 0 0.546152 0.335273 0 0.56935 0.307152 0 0.577342 0.284965 0 0.586979 0.274176 0 0.54259 0.340841 0 0.57573 0.342676 0 0.578089 0.372831 0 0.574382 0.398674 0 0.544296 0.355933 0 0.572801 0.357515 0 0.577507 0.377645 0 0.57627 0.397411 0 1 0 0 0 0 0 0 0 0 0 0 0 0 0 0 0 0 0 0 0 0 0 0 0 0 0 0 0 0 0 0 0 0 0 0 0 0 0 0 0 0 0 0 0 0 0 0 0 0 0 0 0 0 0 0 0 0 0 0 0 0 0 0 0 
0 0.531626 0.438435 0 0.554379 0.42644 0 0.570737 0.403133 0 0.57721 0.373978 0 0.573103 0.349139 0 0.555992 0.3421 0 0.570586 0.299935 0 0.572114 0.27229 0 0.575484 0.252901 0 0.548139 0.334695 0 0.566244 0.298114 0 0.571113 0.269978 0 0.580522 0.257276 0 0.54498 0.342101 0 0.574924 0.339987 0 0.576229 0.369497 0 0.574534 0.396924 0 0.54621 0.3577 0 0.57218 0.352874 0 0.57498 0.368783 0 0.57341 0.38805 0 1 0 0 0 0 0 0 0 0 0 0 0 0 0 0 0 0 0 0 0 0 0 0 0 0 0 0 0 0 0 0 0 0 0 0 0 0 0 0 0 0 0 0 0 0 0 0 0 0 0 0 0 0 0 0 0 0 0 0 0 0 0 0 0 
0 0.530395 0.438067 0 0.553006 0.423917 0 0.569019 0.399309 0 0.575716 0.370222 0 0.572842 0.344758 0 0.554916 0.345543 0 0.568554 0.30448 0 0.569623 0.278104 0 0.573117 0.260268 0 0.547633 0.339543 0 0.566704 0.299548 0 0.572789 0.270015 0 0.583191 0.255387 0 0.545045 0.346564 0 0.574847 0.340722 0 0.575585 0.371516 0 0.573799 0.400335 0 0.546681 0.360112 0 0.572207 0.352904 0 0.575012 0.368828 0 0.573918 0.388016 0 1 0 0 0 0 0 0 0 0 0 0 0 0 0 0 0 0 0 0 0 0 0 0 0 0 0 0 0 0 0 0 0 0 0 0 0 0 0 0 0 0 0 0 0 0 0 0 0 0 0 0 0 0 0 0 0 0 0 0 0 0 0 0 0 
0 0.527569 0.438328 0 0.552314 0.425575 0 0.566323 0.398107 0 0.573612 0.367645 0 0.569981 0.342592 0 0.550101 0.341392 0 0.56516 0.30113 0 0.570245 0.271952 0 0.577025 0.252538 0 0.544016 0.337485 0 0.572746 0.319304 0 0.576866 0.321289 0 0.581267 0.328412 0 0.544026 0.344376 0 0.578145 0.343813 0 0.578181 0.373141 0 0.574085 0.397115 0 0.54793 0.357184 0 0.576337 0.353476 0 0.580262 0.368694 0 0.578719 0.382768 0 1 0 0 0 0 0 0 0 0 0 0 0 0 0 0 0 0 0 0 0 0 0 0 0 0 0 0 0 0 0 0 0 0 0 0 0 0 0 0 0 0 0 0 0 0 0 0 0 0 0 0 0 0 0 0 0 0 0 0 0 0 0 0 0 
0 0.526611 0.434388 0 0.551751 0.426273 0 0.562974 0.401624 0 0.569998 0.372798 0 0.570042 0.350709 0 0.550024 0.341787 0 0.561671 0.302114 0 0.564586 0.275713 0 0.569002 0.256921 0 0.542727 0.335428 0 0.570196 0.316706 0 0.574591 0.318107 0 0.577444 0.327305 0 0.542914 0.339819 0 0.574001 0.34062 0 0.573957 0.368535 0 0.569217 0.391368 0 0.547005 0.351728 0 0.576059 0.347698 0 0.579226 0.365435 0 0.575519 0.380533 0 1 0 0 0 0 0 0 0 0 0 0 0 0 0 0 0 0 0 0 0 0 0 0 0 0 0 0 0 0 0 0 0 0 0 0 0 0 0 0 0 0 0 0 0 0 0 0 0 0 0 0 0 0 0 0 0 0 0 0 0 0 0 0 0 
0 0.526443 0.431543 0 0.554049 0.426713 0 0.56501 0.40274 0 0.570627 0.373832 0 0.569669 0.350715 0 0.547127 0.336835 0 0.56018 0.30522 0 0.562515 0.288396 0 0.564982 0.27865 0 0.538769 0.330363 0 0.568937 0.30515 0 0.578639 0.287153 0 0.585903 0.281133 0 0.537293 0.33642 0 0.571907 0.34075 0 0.572828 0.370966 0 0.567586 0.392732 0 0.541937 0.351357 0 0.572407 0.350833 0 0.576536 0.368869 0 0.574464 0.383035 0 1 0 0 0 0 0 0 0 0 0 0 0 0 0 0 0 0 0 0 0 0 0 0 0 0 0 0 0 0 0 0 0 0 0 0 0 0 0 0 0 0 0 0 0 0 0 0 0 0 0 0 0 0 0 0 0 0 0 0 0 0 0 0 0 
0 0.529862 0.436903 0 0.558485 0.42145 0 0.57084 0.392457 0 0.575789 0.36311 0 0.572454 0.342589 0 0.556281 0.334691 0 0.572799 0.29919 0 0.576994 0.275643 0 0.581817 0.257306 0 0.545155 0.327846 0 0.570541 0.307402 0 0.5774 0.292686 0 0.583553 0.284877 0 0.539266 0.337543 0 0.571673 0.337946 0 0.573288 0.367341 0 0.568607 0.389777 0 0.538632 0.356777 0 0.56704 0.354638 0 0.570006 0.374557 0 0.566886 0.391799 0 1 0 0 0 0 0 0 0 0 0 0 0 0 0 0 0 0 0 0 0 0 0 0 0 0 0 0 0 0 0 0 0 0 0 0 0 0 0 0 0 0 0 0 0 0 0 0 0 0 0 0 0 0 0 0 0 0 0 0 0 0 0 0 0 
0 0.528972 0.436627 0 0.557968 0.425082 0 0.569586 0.39587 0 0.573858 0.364542 0 0.568744 0.344142 0 0.556474 0.333829 0 0.571335 0.297326 0 0.57663 0.273278 0 0.581477 0.255964 0 0.544691 0.326275 0 0.566015 0.301951 0 0.572655 0.28098 0 0.578712 0.272988 0 0.537814 0.336162 0 0.569361 0.338152 0 0.572127 0.366933 0 0.568087 0.390461 0 0.536974 0.356781 0 0.565931 0.357204 0 0.570634 0.37821 0 0.568938 0.397754 0 1 0 0 0 0 0 0 0 0 0 0 0 0 0 0 0 0 0 0 0 0 0 0 0 0 0 0 0 0 0 0 0 0 0 0 0 0 0 0 0 0 0 0 0 0 0 0 0 0 0 0 0 0 0 0 0 0 0 0 0 0 0 0 0 
0 0.528835 0.434539 0 0.556679 0.426004 0 0.570459 0.397491 0 0.575931 0.36651 0 0.572464 0.343226 0 0.553817 0.339108 0 0.568492 0.307532 0 0.572339 0.290556 0 0.575261 0.278193 0 0.543193 0.331834 0 0.563257 0.304597 0 0.569338 0.280635 0 0.575475 0.271283 0 0.53797 0.340587 0 0.570738 0.342975 0 0.573665 0.372441 0 0.570054 0.396731 0 0.53812 0.358064 0 0.56754 0.358799 0 0.572141 0.379118 0 0.570778 0.39762 0 1 0 0 0 0 0 0 0 0 0 0 0 0 0 0 0 0 0 0 0 0 0 0 0 0 0 0 0 0 0 0 0 0 0 0 0 0 0 0 0 0 0 0 0 0 0 0 0 0 0 0 0 0 0 0 0 0 0 0 0 0 0 0 0 
0 0.527035 0.436991 0 0.555007 0.430221 0 0.569312 0.403118 0 0.576188 0.370805 0 0.573831 0.343844 0 0.550373 0.33755 0 0.564657 0.29936 0 0.571208 0.276184 0 0.577386 0.263258 0 0.541446 0.332518 0 0.572472 0.323809 0 0.578741 0.323491 0 0.581293 0.32975 0 0.539504 0.340404 0 0.574409 0.353678 0 0.574841 0.381681 0 0.568843 0.402217 0 0.541915 0.357035 0 0.570941 0.363044 0 0.574025 0.380943 0 0.570161 0.395121 0 1 0 0 0 0 0 0 0 0 0 0 0 0 0 0 0 0 0 0 0 0 0 0 0 0 0 0 0 0 0 0 0 0 0 0 0 0 0 0 0 0 0 0 0 0 0 0 0 0 0 0 0 0 0 0 0 0 0 0 0 0 0 0 0 
0 0.527963 0.442028 0 0.550565 0.428859 0 0.565878 0.407488 0 0.572953 0.383064 0 0.570604 0.35912 0 0.551175 0.342293 0 0.563969 0.308681 0 0.565371 0.290865 0 0.5677 0.281261 0 0.543995 0.335354 0 0.568247 0.313246 0 0.574657 0.293771 0 0.581348 0.290215 0 0.543185 0.342999 0 0.577153 0.356046 0 0.578057 0.385719 0 0.572951 0.412401 0 0.546338 0.360823 0 0.577241 0.365553 0 0.579581 0.38445 0 0.575348 0.404427 0 1 0 0 0 0 0 0 0 0 0 0 0 0 0 0 0 0 0 0 0 0 0 0 0 0 0 0 0 0 0 0 0 0 0 0 0 0 0 0 0 0 0 0 0 0 0 0 0 0 0 0 0 0 0 0 0 0 0 0 0 0 0 0 0 
0 0.527472 0.439605 0 0.559976 0.426964 0 0.572536 0.396918 0 0.579533 0.372746 0 0.581723 0.350385 0 0.55037 0.331528 0 0.561611 0.298093 0 0.570202 0.276693 0 0.578653 0.262311 0 0.542764 0.329345 0 0.580621 0.334847 0 0.582328 0.366794 0 0.575906 0.388119 0 0.541763 0.336734 0 0.583785 0.349805 0 0.581982 0.385155 0 0.573817 0.402987 0 0.54433 0.350305 0 0.574986 0.356286 0 0.574779 0.380043 0 0.568368 0.393509 0 1 0.532156 0.437456 0 0.557144 0.420596 0 0.572902 0.397629 0 0.579346 0.370881 0 0.578442 0.348656 0 0.561149 0.335359 0 0.575403 0.285568 0 0.578857 0.254431 0 0.583482 0.231894 0 0.552527 0.331329 0 0.569152 0.292854 0 0.575728 0.271459 0 0.584993 0.261078 0 0.546636 0.343632 0 0.573253 0.33714 0 0.577004 0.369847 0 0.575225 0.398824 0 0.543943 0.36099 0 0.568219 0.357506 0 0.570397 0.375318 0 0.566142 0.396308 0 
0 0.528109 0.452114 0 0.558875 0.431071 0 0.573594 0.400633 0 0.585571 0.377524 0 0.590465 0.360979 0 0.560731 0.338359 0 0.580415 0.305927 0 0.59091 0.278102 0 0.599568 0.25438 0 0.55196 0.331341 0 0.587127 0.345549 0 0.58698 0.375155 0 0.581114 0.39179 0 0.547196 0.340499 0 0.583364 0.35769 0 0.581457 0.384532 0 0.573999 0.399521 0 0.543938 0.358715 0 0.571131 0.373685 0 0.571753 0.396801 0 0.565951 0.411608 0 1 0 0 0 0 0 0 0 0 0 0 0 0 0 0 0 0 0 0 0 0 0 0 0 0 0 0 0 0 0 0 0 0 0 0 0 0 0 0 0 0 0 0 0 0 0 0 0 0 0 0 0 0 0 0 0 0 0 0 0 0 0 0 0 
0 0.531195 0.437319 0 0.555188 0.420281 0 0.570767 0.399738 0 0.577696 0.375267 0 0.578469 0.353314 0 0.560354 0.333382 0 0.574358 0.28567 0 0.577283 0.254719 0 0.58127 0.231977 0 0.552523 0.330588 0 0.566552 0.289369 0 0.57156 0.265981 0 0.580069 0.254366 0 0.547109 0.344991 0 0.572301 0.335791 0 0.575004 0.366392 0 0.573847 0.394269 0 0.545135 0.364157 0 0.568833 0.357287 0 0.569083 0.371857 0 0.564013 0.389919 0 1 0 0 0 0 0 0 0 0 0 0 0 0 0 0 0 0 0 0 0 0 0 0 0 0 0 0 0 0 0 0 0 0 0 0 0 0 0 0 0 0 0 0 0 0 0 0 0 0 0 0 0 0 0 0 0 0 0 0 0 0 0 0 0 
0 0.533403 0.439351 0 0.557028 0.421153 0 0.572558 0.398409 0 0.580528 0.374026 0 0.580597 0.35451 0 0.561506 0.335392 0 0.575709 0.287629 0 0.578596 0.256531 0 0.583267 0.233451 0 0.553871 0.331857 0 0.569206 0.292818 0 0.573861 0.271602 0 0.581773 0.260622 0 0.54804 0.345609 0 0.572796 0.335285 0 0.576142 0.366196 0 0.574906 0.393627 0 0.544568 0.363928 0 0.567582 0.358089 0 0.56909 0.373741 0 0.564846 0.392128 0 1 0 0 0 0 0 0 0 0 0 0 0 0 0 0 0 0 0 0 0 0 0 0 0 0 0 0 0 0 0 0 0 0 0 0 0 0 0 0 0 0 0 0 0 0 0 0 0 0 0 0 0 0 0 0 0 0 0 0 0 0 0 0 0 
0 0.532385 0.436887 0 0.556584 0.419809 0 0.573243 0.398151 0 0.579868 0.376135 0 0.579611 0.355573 0 0.55962 0.332196 0 0.572698 0.283752 0 0.574939 0.255557 0 0.579302 0.235714 0 0.551987 0.328435 0 0.567517 0.291361 0 0.573995 0.268097 0 0.583721 0.254272 0 0.54655 0.342519 0 0.573579 0.336863 0 0.575689 0.368153 0 0.573708 0.394906 0 0.543949 0.362056 0 0.56974 0.358855 0 0.570795 0.374074 0 0.565907 0.39262 0 1 0 0 0 0 0 0 0 0 0 0 0 0 0 0 0 0 0 0 0 0 0 0 0 0 0 0 0 0 0 0 0 0 0 0 0 0 0 0 0 0 0 0 0 0 0 0 0 0 0 0 0 0 0 0 0 0 0 0 0 0 0 0 0 
0 0.531419 0.434145 0 0.554864 0.415829 0 0.572343 0.394022 0 0.578571 0.371084 0 0.57847 0.352517 0 0.559615 0.331499 0 0.57209 0.281211 0 0.574532 0.252841 0 0.579223 0.2325 0 0.551214 0.327987 0 0.56725 0.289343 0 0.573164 0.267484 0 0.581878 0.253851 0 0.545773 0.342705 0 0.573514 0.336295 0 0.576752 0.368564 0 0.575395 0.394942 0 0.543657 0.362691 0 0.570156 0.357537 0 0.572153 0.371172 0 0.567639 0.388261 0 1 0 0 0 0 0 0 0 0 0 0 0 0 0 0 0 0 0 0 0 0 0 0 0 0 0 0 0 0 0 0 0 0 0 0 0 0 0 0 0 0 0 0 0 0 0 0 0 0 0 0 0 0 0 0 0 0 0 0 0 0 0 0 0 
0 0.529539 0.435517 0 0.553079 0.417925 0 0.571149 0.396169 0 0.578393 0.373676 0 0.578956 0.35397 0 0.558927 0.332821 0 0.572883 0.280525 0 0.575843 0.250598 0 0.581316 0.230997 0 0.550273 0.329076 0 0.567056 0.286016 0 0.573122 0.262849 0 0.581821 0.250651 0 0.545278 0.343098 0 0.573113 0.333715 0 0.576773 0.365725 0 0.576142 0.393815 0 0.543528 0.363071 0 0.569358 0.356069 0 0.570926 0.367948 0 0.566295 0.384329 0 1 0 0 0 0 0 0 0 0 0 0 0 0 0 0 0 0 0 0 0 0 0 0 0 0 0 0 0 0 0 0 0 0 0 0 0 0 0 0 0 0 0 0 0 0 0 0 0 0 0 0 0 0 0 0 0 0 0 0 0 0 0 0 0 
0 0.528796 0.438318 0 0.554721 0.413548 0 0.569224 0.393758 0 0.574284 0.373484 0 0.573373 0.352542 0 0.556 0.331285 0 0.570306 0.281248 0 0.574635 0.250836 0 0.580392 0.229434 0 0.549893 0.329207 0 0.570347 0.296011 0 0.577984 0.277637 0 0.587869 0.267785 0 0.546872 0.343014 0 0.576522 0.338438 0 0.578882 0.36908 0 0.576868 0.3967 0 0.546876 0.363476 0 0.573234 0.358292 0 0.573201 0.371069 0 0.567055 0.388075 0 1 0 0 0 0 0 0 0 0 0 0 0 0 0 0 0 0 0 0 0 0 0 0 0 0 0 0 0 0 0 0 0 0 0 0 0 0 0 0 0 0 0 0 0 0 0 0 0 0 0 0 0 0 0 0 0 0 0 0 0 0 0 0 0 
0 0.528635 0.439738 0 0.55282 0.415861 0 0.568874 0.396503 0 0.574963 0.377785 0 0.573692 0.357877 0 0.555564 0.33229 0 0.56917 0.281859 0 0.572264 0.251941 0 0.577801 0.230385 0 0.549087 0.330042 0 0.568334 0.294717 0 0.575885 0.272323 0 0.586205 0.259683 0 0.545832 0.343938 0 0.576067 0.339748 0 0.577223 0.37208 0 0.574486 0.4005 0 0.546183 0.365233 0 0.573491 0.358832 0 0.572199 0.374093 0 0.564819 0.394071 0 1 0 0 0 0 0 0 0 0 0 0 0 0 0 0 0 0 0 0 0 0 0 0 0 0 0 0 0 0 0 0 0 0 0 0 0 0 0 0 0 0 0 0 0 0 0 0 0 0 0 0 0 0 0 0 0 0 0 0 0 0 0 0 0 
0 0.53046 0.434186 0 0.555515 0.416162 0 0.571011 0.396838 0 0.575611 0.373906 0 0.574762 0.353754 0 0.558889 0.332023 0 0.572978 0.283277 0 0.576587 0.253393 0 0.58247 0.231905 0 0.550792 0.328152 0 0.566836 0.287187 0 0.57391 0.262527 0 0.584571 0.248311 0 0.545741 0.341254 0 0.573318 0.332896 0 0.57669 0.365432 0 0.575716 0.392962 0 0.544311 0.360821 0 0.570822 0.353978 0 0.571726 0.369053 0 0.566499 0.387022 0 1 0 0 0 0 0 0 0 0 0 0 0 0 0 0 0 0 0 0 0 0 0 0 0 0 0 0 0 0 0 0 0 0 0 0 0 0 0 0 0 0 0 0 0 0 0 0 0 0 0 0 0 0 0 0 0 0 0 0 0 0 0 0 0 
0 0.53068 0.433638 0 0.554097 0.414098 0 0.569659 0.395383 0 0.573423 0.374365 0 0.572059 0.356235 0 0.557771 0.331057 0 0.570144 0.284273 0 0.572742 0.254286 0 0.578233 0.231215 0 0.54995 0.327851 0 0.565365 0.290222 0 0.572816 0.26467 0 0.584042 0.24851 0 0.545649 0.34162 0 0.573288 0.335913 0 0.575792 0.367889 0 0.574421 0.394229 0 0.545142 0.36184 0 0.571767 0.354456 0 0.571631 0.368731 0 0.56575 0.386369 0 1 0 0 0 0 0 0 0 0 0 0 0 0 0 0 0 0 0 0 0 0 0 0 0 0 0 0 0 0 0 0 0 0 0 0 0 0 0 0 0 0 0 0 0 0 0 0 0 0 0 0 0 0 0 0 0 0 0 0 0 0 0 0 0 
0 0 0 0 0 0 0 0 0 0 0 0 0 0 0 0 0 0 0 0 0 0 0 0 0 0 0 0 0 0 0 0 0 0 0 0 0 0 0 0 0 0 0 0 0 0 0 0 0 0 0 0 0 0 0 0 0 0 0 0 0 0 0 0 1 0 0 0 0 0 0 0 0 0 0 0 0 0 0 0 0 0 0 0 0 0 0 0 0 0 0 0 0 0 0 0 0 0 0 0 0 0 0 0 0 0 0 0 0 0 0 0 0 0 0 0 0 0 0 0 0 0 0 0 0 0 0 0 
0 0 0 0 0 0 0 0 0 0 0 0 0 0 0 0 0 0 0 0 0 0 0 0 0 0 0 0 0 0 0 0 0 0 0 0 0 0 0 0 0 0 0 0 0 0 0 0 0 0 0 0 0 0 0 0 0 0 0 0 0 0 0 0 1 0 0 0 0 0 0 0 0 0 0 0 0 0 0 0 0 0 0 0 0 0 0 0 0 0 0 0 0 0 0 0 0 0 0 0 0 0 0 0 0 0 0 0 0 0 0 0 0 0 0 0 0 0 0 0 0 0 0 0 0 0 0 0 
0 0.527827 0.444446 0 0.551589 0.422123 0 0.56756 0.400766 0 0.574038 0.373896 0 0.570312 0.34775 0 0.556104 0.337706 0 0.571708 0.285219 0 0.577313 0.251703 0 0.583888 0.228688 0 0.54845 0.335827 0 0.569476 0.304916 0 0.575677 0.293426 0 0.584483 0.292351 0 0.545117 0.346343 0 0.575045 0.345319 0 0.57553 0.379121 0 0.571901 0.409089 0 0.544006 0.361462 0 0.571386 0.359132 0 0.57006 0.380302 0 0.562528 0.404293 0 1 0 0 0 0 0 0 0 0 0 0 0 0 0 0 0 0 0 0 0 0 0 0 0 0 0 0 0 0 0 0 0 0 0 0 0 0 0 0 0 0 0 0 0 0 0 0 0 0 0 0 0 0 0 0 0 0 0 0 0 0 0 0 0 
0 0.529923 0.442394 0 0.552873 0.43432 0 0.56834 0.407777 0 0.575436 0.377376 0 0.572496 0.354465 0 0.550983 0.345848 0 0.562176 0.304082 0 0.563453 0.274396 0 0.566484 0.253052 0 0.54363 0.339726 0 0.564221 0.30827 0 0.567127 0.289287 0 0.572018 0.283986 0 0.54264 0.347593 0 0.574754 0.346485 0 0.576216 0.373765 0 0.572248 0.400434 0 0.545388 0.362776 0 0.574591 0.358108 0 0.578409 0.375358 0 0.575508 0.396261 0 1 0 0 0 0 0 0 0 0 0 0 0 0 0 0 0 0 0 0 0 0 0 0 0 0 0 0 0 0 0 0 0 0 0 0 0 0 0 0 0 0 0 0 0 0 0 0 0 0 0 0 0 0 0 0 0 0 0 0 0 0 0 0 0 
0 0.527026 0.444602 0 0.557338 0.42704 0 0.569724 0.396366 0 0.577363 0.369503 0 0.576693 0.346464 0 0.554272 0.338686 0 0.571313 0.302107 0 0.578773 0.271694 0 0.586693 0.248976 0 0.546095 0.334023 0 0.57442 0.330539 0 0.577239 0.346364 0 0.577432 0.359725 0 0.542937 0.342892 0 0.575543 0.348539 0 0.576145 0.375663 0 0.570507 0.393671 0 0.542828 0.357241 0 0.569727 0.364421 0 0.571857 0.385033 0 0.566512 0.399995 0 1 0 0 0 0 0 0 0 0 0 0 0 0 0 0 0 0 0 0 0 0 0 0 0 0 0 0 0 0 0 0 0 0 0 0 0 0 0 0 0 0 0 0 0 0 0 0 0 0 0 0 0 0 0 0 0 0 0 0 0 0 0 0 0 
0 0.526563 0.445355 0 0.556297 0.423947 0 0.566424 0.391604 0 0.572245 0.364708 0 0.571952 0.3465 0 0.549925 0.331786 0 0.563697 0.29919 0 0.56912 0.267865 0 0.576679 0.241501 0 0.537513 0.325876 0 0.566125 0.314296 0 0.572235 0.319107 0 0.577281 0.327456 0 0.532029 0.33664 0 0.566814 0.338282 0 0.571883 0.369136 0 0.571583 0.390077 0 0.5309 0.358016 0 0.562495 0.361426 0 0.568769 0.381119 0 0.566933 0.396955 0 1 0 0 0 0 0 0 0 0 0 0 0 0 0 0 0 0 0 0 0 0 0 0 0 0 0 0 0 0 0 0 0 0 0 0 0 0 0 0 0 0 0 0 0 0 0 0 0 0 0 0 0 0 0 0 0 0 0 0 0 0 0 0 0 
0 0.529948 0.440535 0 0.555703 0.412785 0 0.570882 0.379288 0 0.581011 0.358236 0 0.585513 0.342262 0 0.556765 0.322007 0 0.568857 0.284566 0 0.57602 0.259085 0 0.584366 0.237513 0 0.543378 0.320347 0 0.569187 0.317012 0 0.574037 0.352065 0 0.57239 0.377012 0 0.534487 0.330503 0 0.564602 0.330901 0 0.56893 0.366266 0 0.565702 0.390227 0 0.527246 0.348593 0 0.553546 0.34796 0 0.560316 0.370299 0 0.557861 0.388704 0 1 0 0 0 0 0 0 0 0 0 0 0 0 0 0 0 0 0 0 0 0 0 0 0 0 0 0 0 0 0 0 0 0 0 0 0 0 0 0 0 0 0 0 0 0 0 0 0 0 0 0 0 0 0 0 0 0 0 0 0 0 0 0 0 
0 0.519714 0.436279 0 0.552502 0.407124 0 0.564066 0.372944 0 0.571176 0.346097 0 0.576787 0.322432 0 0.549182 0.325607 0 0.555698 0.287135 0 0.564234 0.268347 0 0.570854 0.255263 0 0.537595 0.323595 0 0.555058 0.305251 0 0.566046 0.335923 0 0.56697 0.363217 0 0.527355 0.330862 0 0.550715 0.321723 0 0.561745 0.360489 0 0.559847 0.388183 0 0.516933 0.343152 0 0.540796 0.33932 0 0.552166 0.363994 0 0.551439 0.385091 0 1 0 0 0 0 0 0 0 0 0 0 0 0 0 0 0 0 0 0 0 0 0 0 0 0 0 0 0 0 0 0 0 0 0 0 0 0 0 0 0 0 0 0 0 0 0 0 0 0 0 0 0 0 0 0 0 0 0 0 0 0 0 0 0 
0 0.521376 0.427117 0 0.549661 0.403117 0 0.560863 0.364171 0 0.566909 0.334655 0 0.56926 0.311751 0 0.551665 0.31892 0 0.552738 0.27329 0 0.554138 0.241471 0 0.554656 0.213679 0 0.53694 0.321396 0 0.546794 0.295042 0 0.554356 0.323525 0 0.555229 0.347288 0 0.523242 0.331027 0 0.536484 0.314806 0 0.546241 0.347826 0 0.546923 0.373959 0 0.510559 0.344268 0 0.527696 0.338634 0 0.537811 0.361182 0 0.539483 0.382938 0 1 0 0 0 0 0 0 0 0 0 0 0 0 0 0 0 0 0 0 0 0 0 0 0 0 0 0 0 0 0 0 0 0 0 0 0 0 0 0 0 0 0 0 0 0 0 0 0 0 0 0 0 0 0 0 0 0 0 0 0 0 0 0 0 
0 0.514111 0.427411 0 0.541466 0.406405 0 0.555907 0.366821 0 0.560922 0.335802 0 0.558766 0.314917 0 0.544775 0.312187 0 0.547253 0.264433 0 0.550238 0.233698 0 0.550982 0.207887 0 0.529862 0.316257 0 0.541762 0.290951 0 0.549513 0.324912 0 0.548123 0.352059 0 0.515572 0.326866 0 0.529229 0.313538 0 0.538655 0.35099 0 0.537976 0.376214 0 0.502165 0.340498 0 0.517909 0.338092 0 0.52749 0.363448 0 0.528339 0.383326 0 1 0 0 0 0 0 0 0 0 0 0 0 0 0 0 0 0 0 0 0 0 0 0 0 0 0 0 0 0 0 0 0 0 0 0 0 0 0 0 0 0 0 0 0 0 0 0 0 0 0 0 0 0 0 0 0 0 0 0 0 0 0 0 0 
0 0.510814 0.431285 0 0.537331 0.406016 0 0.55012 0.365956 0 0.55439 0.336008 0 0.550697 0.318347 0 0.540466 0.3124 0 0.543902 0.26706 0 0.546471 0.233982 0 0.546301 0.205633 0 0.524688 0.315796 0 0.535708 0.291523 0 0.541416 0.323568 0 0.538268 0.351447 0 0.509276 0.326349 0 0.522207 0.310779 0 0.529732 0.348389 0 0.527487 0.375044 0 0.494528 0.340397 0 0.508716 0.335748 0 0.517331 0.36168 0 0.517789 0.382677 0 1 0 0 0 0 0 0 0 0 0 0 0 0 0 0 0 0 0 0 0 0 0 0 0 0 0 0 0 0 0 0 0 0 0 0 0 0 0 0 0 0 0 0 0 0 0 0 0 0 0 0 0 0 0 0 0 0 0 0 0 0 0 0 0 
0 0.510964 0.432832 0 0.535652 0.410135 0 0.548696 0.368017 0 0.549205 0.334336 0 0.540971 0.314692 0 0.540267 0.307617 0 0.541985 0.25929 0 0.543763 0.227424 0 0.54352 0.202439 0 0.523891 0.313038 0 0.53192 0.289887 0 0.536234 0.328951 0 0.535147 0.356089 0 0.507982 0.323908 0 0.51812 0.312216 0 0.525617 0.351059 0 0.525844 0.372784 0 0.49251 0.33753 0 0.505185 0.336303 0 0.513337 0.36479 0 0.514554 0.38327 0 1 0 0 0 0 0 0 0 0 0 0 0 0 0 0 0 0 0 0 0 0 0 0 0 0 0 0 0 0 0 0 0 0 0 0 0 0 0 0 0 0 0 0 0 0 0 0 0 0 0 0 0 0 0 0 0 0 0 0 0 0 0 0 0 
0 0.507932 0.435374 0 0.533931 0.415598 0 0.54634 0.365429 0 0.546193 0.325811 0 0.53953 0.303569 0 0.534507 0.315146 0 0.535496 0.268188 0 0.537478 0.238983 0 0.537025 0.219152 0 0.519539 0.321718 0 0.525743 0.292261 0 0.530651 0.32693 0 0.529673 0.357158 0 0.504454 0.333002 0 0.512484 0.312698 0 0.519927 0.349651 0 0.519405 0.376476 0 0.489422 0.346791 0 0.499109 0.337396 0 0.506844 0.364338 0 0.507722 0.38722 0 1 0 0 0 0 0 0 0 0 0 0 0 0 0 0 0 0 0 0 0 0 0 0 0 0 0 0 0 0 0 0 0 0 0 0 0 0 0 0 0 0 0 0 0 0 0 0 0 0 0 0 0 0 0 0 0 0 0 0 0 0 0 0 0 
0 0.506573 0.44166 0 0.531736 0.420411 0 0.54479 0.371176 0 0.543389 0.333414 0 0.536182 0.313119 0 0.534499 0.317642 0 0.535694 0.268716 0 0.53611 0.236544 0 0.535627 0.212302 0 0.518802 0.322797 0 0.524692 0.296086 0 0.526958 0.337407 0 0.524427 0.367653 0 0.503061 0.334195 0 0.510583 0.314743 0 0.516041 0.353951 0 0.515557 0.381085 0 0.487341 0.349871 0 0.496251 0.340403 0 0.504291 0.366387 0 0.5071 0.387312 0 1 0 0 0 0 0 0 0 0 0 0 0 0 0 0 0 0 0 0 0 0 0 0 0 0 0 0 0 0 0 0 0 0 0 0 0 0 0 0 0 0 0 0 0 0 0 0 0 0 0 0 0 0 0 0 0 0 0 0 0 0 0 0 0 
0 0.503899 0.441987 0 0.530908 0.424666 0 0.543677 0.372602 0 0.540685 0.331571 0 0.529997 0.313494 0 0.530888 0.320741 0 0.532934 0.272446 0 0.534135 0.240085 0 0.533674 0.216599 0 0.51515 0.327672 0 0.521879 0.302335 0 0.525769 0.339224 0 0.524449 0.364507 0 0.499357 0.339162 0 0.507419 0.322875 0 0.513897 0.362037 0 0.513187 0.384819 0 0.483679 0.35339 0 0.494697 0.348523 0 0.502501 0.375499 0 0.503536 0.39386 0 1 0 0 0 0 0 0 0 0 0 0 0 0 0 0 0 0 0 0 0 0 0 0 0 0 0 0 0 0 0 0 0 0 0 0 0 0 0 0 0 0 0 0 0 0 0 0 0 0 0 0 0 0 0 0 0 0 0 0 0 0 0 0 0 
0 0.50374 0.444741 0 0.529301 0.427294 0 0.540386 0.378196 0 0.538777 0.340012 0 0.530888 0.321578 0 0.528707 0.322696 0 0.529034 0.276898 0 0.530285 0.246469 0 0.530257 0.226471 0 0.513173 0.33002 0 0.51936 0.300809 0 0.523552 0.336909 0 0.522469 0.363513 0 0.497314 0.341624 0 0.50511 0.323166 0 0.512409 0.364561 0 0.512253 0.38926 0 0.482258 0.355118 0 0.493255 0.34947 0 0.500626 0.378289 0 0.501496 0.397657 0 1 0 0 0 0 0 0 0 0 0 0 0 0 0 0 0 0 0 0 0 0 0 0 0 0 0 0 0 0 0 0 0 0 0 0 0 0 0 0 0 0 0 0 0 0 0 0 0 0 0 0 0 0 0 0 0 0 0 0 0 0 0 0 0 
0 0.504062 0.445061 0 0.529884 0.428604 0 0.540911 0.379232 0 0.538957 0.340548 0 0.52971 0.321325 0 0.527706 0.3237 0 0.529123 0.276991 0 0.530193 0.245203 0 0.530191 0.22375 0 0.511728 0.331769 0 0.517561 0.306697 0 0.521129 0.345177 0 0.520464 0.371875 0 0.495614 0.344008 0 0.503063 0.3281 0 0.509801 0.367809 0 0.510122 0.391555 0 0.48067 0.358427 0 0.491433 0.354869 0 0.498753 0.381953 0 0.500116 0.40051 0 1 0 0 0 0 0 0 0 0 0 0 0 0 0 0 0 0 0 0 0 0 0 0 0 0 0 0 0 0 0 0 0 0 0 0 0 0 0 0 0 0 0 0 0 0 0 0 0 0 0 0 0 0 0 0 0 0 0 0 0 0 0 0 0 
0 0.504172 0.447451 0 0.530516 0.431115 0 0.541357 0.381724 0 0.539675 0.342769 0 0.531227 0.324041 0 0.528885 0.327233 0 0.530546 0.278118 0 0.531631 0.245268 0 0.531194 0.222481 0 0.51265 0.333776 0 0.519576 0.309965 0 0.522781 0.349501 0 0.521322 0.37675 0 0.496318 0.345066 0 0.505316 0.330463 0 0.510694 0.370542 0 0.509845 0.393906 0 0.481154 0.35864 0 0.492992 0.356458 0 0.500297 0.384663 0 0.501462 0.403008 0 1 0 0 0 0 0 0 0 0 0 0 0 0 0 0 0 0 0 0 0 0 0 0 0 0 0 0 0 0 0 0 0 0 0 0 0 0 0 0 0 0 0 0 0 0 0 0 0 0 0 0 0 0 0 0 0 0 0 0 0 0 0 0 0 
0 0.503185 0.452592 0 0.530515 0.428448 0 0.541792 0.382791 0 0.539584 0.345828 0 0.530092 0.329151 0 0.526718 0.328348 0 0.527714 0.283666 0 0.531344 0.260375 0 0.532979 0.248456 0 0.51215 0.335912 0 0.516201 0.304788 0 0.523448 0.34189 0 0.523818 0.369751 0 0.49586 0.349014 0 0.502361 0.327907 0 0.512768 0.369325 0 0.514219 0.395324 0 0.480371 0.364477 0 0.489775 0.355934 0 0.499077 0.384457 0 0.50138 0.404141 0 1 0 0 0 0 0 0 0 0 0 0 0 0 0 0 0 0 0 0 0 0 0 0 0 0 0 0 0 0 0 0 0 0 0 0 0 0 0 0 0 0 0 0 0 0 0 0 0 0 0 0 0 0 0 0 0 0 0 0 0 0 0 0 0 
0 0.501359 0.450682 0 0.529049 0.429431 0 0.541269 0.387302 0 0.54046 0.350761 0 0.530675 0.33264 0 0.523686 0.328162 0 0.525276 0.281004 0 0.527147 0.255809 0 0.527908 0.240875 0 0.509672 0.334733 0 0.515421 0.307621 0 0.523146 0.34484 0 0.524121 0.372488 0 0.494171 0.347508 0 0.501923 0.330356 0 0.512586 0.371059 0 0.514089 0.3966 0 0.479952 0.363328 0 0.489955 0.357999 0 0.499855 0.384003 0 0.502652 0.401717 0 1 0 0 0 0 0 0 0 0 0 0 0 0 0 0 0 0 0 0 0 0 0 0 0 0 0 0 0 0 0 0 0 0 0 0 0 0 0 0 0 0 0 0 0 0 0 0 0 0 0 0 0 0 0 0 0 0 0 0 0 0 0 0 0 
0 0.50222 0.451115 0 0.530613 0.428713 0 0.541964 0.386397 0 0.54188 0.35249 0 0.534318 0.331809 0 0.524872 0.330069 0 0.52735 0.286099 0 0.530726 0.26051 0 0.532871 0.244049 0 0.511164 0.336727 0 0.517426 0.310103 0 0.525761 0.344369 0 0.526792 0.372292 0 0.495769 0.349287 0 0.504733 0.332003 0 0.515708 0.371285 0 0.516862 0.396664 0 0.481453 0.364441 0 0.49282 0.360079 0 0.503094 0.387139 0 0.505486 0.40621 0 1 0 0 0 0 0 0 0 0 0 0 0 0 0 0 0 0 0 0 0 0 0 0 0 0 0 0 0 0 0 0 0 0 0 0 0 0 0 0 0 0 0 0 0 0 0 0 0 0 0 0 0 0 0 0 0 0 0 0 0 0 0 0 0 
0 0.503806 0.449413 0 0.528472 0.430022 0 0.541723 0.392929 0 0.543816 0.365226 0 0.536369 0.346293 0 0.526798 0.326203 0 0.531475 0.278554 0 0.533035 0.248491 0 0.533993 0.226746 0 0.51171 0.333539 0 0.524529 0.318939 0 0.530311 0.357276 0 0.529207 0.383767 0 0.496417 0.346179 0 0.511497 0.342676 0 0.519934 0.379964 0 0.519458 0.402058 0 0.482935 0.362173 0 0.496787 0.368857 0 0.507038 0.394463 0 0.509012 0.409993 0 1 0 0 0 0 0 0 0 0 0 0 0 0 0 0 0 0 0 0 0 0 0 0 0 0 0 0 0 0 0 0 0 0 0 0 0 0 0 0 0 0 0 0 0 0 0 0 0 0 0 0 0 0 0 0 0 0 0 0 0 0 0 0 0 
0 0.496992 0.440683 0 0.527309 0.420185 0 0.541182 0.390686 0 0.5495 0.37377 0 0.554233 0.360383 0 0.527044 0.328314 0 0.530884 0.284192 0 0.537178 0.258049 0 0.542386 0.238849 0 0.512313 0.334177 0 0.524905 0.314298 0 0.535746 0.349066 0 0.537927 0.377894 0 0.499355 0.346601 0 0.51569 0.342322 0 0.526808 0.380086 0 0.527798 0.404902 0 0.487747 0.362661 0 0.504154 0.370222 0 0.515002 0.394612 0 0.517499 0.409784 0 1 0 0 0 0 0 0 0 0 0 0 0 0 0 0 0 0 0 0 0 0 0 0 0 0 0 0 0 0 0 0 0 0 0 0 0 0 0 0 0 0 0 0 0 0 0 0 0 0 0 0 0 0 0 0 0 0 0 0 0 0 0 0 0 
0 0.495671 0.431319 0 0.526676 0.413122 0 0.542449 0.388442 0 0.552427 0.373684 0 0.560831 0.358755 0 0.528842 0.328304 0 0.538947 0.289795 0 0.547505 0.263355 0 0.555086 0.244771 0 0.515184 0.331421 0 0.536089 0.322845 0 0.545263 0.352647 0 0.548071 0.373424 0 0.505233 0.343105 0 0.530355 0.348196 0 0.538176 0.381902 0 0.536132 0.399214 0 0.497035 0.361795 0 0.52062 0.370664 0 0.529174 0.389784 0 0.529335 0.399248 0 1 0 0 0 0 0 0 0 0 0 0 0 0 0 0 0 0 0 0 0 0 0 0 0 0 0 0 0 0 0 0 0 0 0 0 0 0 0 0 0 0 0 0 0 0 0 0 0 0 0 0 0 0 0 0 0 0 0 0 0 0 0 0 0 
0 0.500014 0.447072 0 0.528611 0.412523 0 0.539078 0.371445 0 0.547131 0.339288 0 0.553986 0.317183 0 0.520134 0.324992 0 0.543839 0.286874 0 0.557971 0.26391 0 0.567276 0.248168 0 0.513497 0.334647 0 0.554933 0.342526 0 0.55266 0.37506 0 0.541486 0.387359 0 0.511641 0.353758 0 0.550685 0.364712 0 0.547321 0.394359 0 0.536399 0.405252 0 0.513553 0.373837 0 0.546138 0.389411 0 0.54513 0.412742 0 0.534977 0.424976 0 1 0 0 0 0 0 0 0 0 0 0 0 0 0 0 0 0 0 0 0 0 0 0 0 0 0 0 0 0 0 0 0 0 0 0 0 0 0 0 0 0 0 0 0 0 0 0 0 0 0 0 0 0 0 0 0 0 0 0 0 0 0 0 0 
0 0.500539 0.428581 0 0.517801 0.395334 0 0.527622 0.36567 0 0.53988 0.347789 0 0.549581 0.336388 0 0.52253 0.325486 0 0.547936 0.290518 0 0.56068 0.269905 0 0.569161 0.253783 0 0.519008 0.330908 0 0.559393 0.343817 0 0.557562 0.371233 0 0.54771 0.373753 0 0.520047 0.349382 0 0.558314 0.366085 0 0.555272 0.3915 0 0.545715 0.396531 0 0.52314 0.370919 0 0.553332 0.385716 0 0.550249 0.406268 0 0.539698 0.411326 0 1 0 0 0 0 0 0 0 0 0 0 0 0 0 0 0 0 0 0 0 0 0 0 0 0 0 0 0 0 0 0 0 0 0 0 0 0 0 0 0 0 0 0 0 0 0 0 0 0 0 0 0 0 0 0 0 0 0 0 0 0 0 0 0 
0 0.501258 0.429537 0 0.514873 0.391773 0 0.524963 0.361256 0 0.536903 0.345211 0 0.545145 0.338552 0 0.523232 0.324631 0 0.54954 0.291159 0 0.563866 0.267892 0 0.573936 0.250114 0 0.521991 0.327805 0 0.562051 0.341579 0 0.5605 0.36471 0 0.551415 0.366716 0 0.52556 0.344146 0 0.5625 0.358239 0 0.560084 0.380581 0 0.551345 0.38487 0 0.530798 0.364268 0 0.557737 0.374029 0 0.555108 0.391479 0 0.546179 0.39402 0 1 0 0 0 0 0 0 0 0 0 0 0 0 0 0 0 0 0 0 0 0 0 0 0 0 0 0 0 0 0 0 0 0 0 0 0 0 0 0 0 0 0 0 0 0 0 0 0 0 0 0 0 0 0 0 0 0 0 0 0 0 0 0 0 
0 0.507618 0.430807 0 0.520311 0.395896 0 0.529792 0.369256 0 0.541053 0.357791 0 0.549762 0.355078 0 0.528437 0.324155 0 0.555525 0.292694 0 0.571135 0.273025 0 0.580849 0.258954 0 0.527809 0.323982 0 0.565027 0.343169 0 0.563438 0.366826 0 0.554545 0.371194 0 0.531353 0.336848 0 0.565417 0.356036 0 0.563525 0.37954 0 0.554568 0.387369 0 0.536877 0.356253 0 0.561123 0.365942 0 0.561459 0.382713 0 0.555736 0.388254 0 1 0 0 0 0 0 0 0 0 0 0 0 0 0 0 0 0 0 0 0 0 0 0 0 0 0 0 0 0 0 0 0 0 0 0 0 0 0 0 0 0 0 0 0 0 0 0 0 0 0 0 0 0 0 0 0 0 0 0 0 0 0 0 0 
0 0.508103 0.43336 0 0.51702 0.393037 0 0.52496 0.367005 0 0.536773 0.363675 0 0.545369 0.366295 0 0.531413 0.325564 0 0.55829 0.295725 0 0.57237 0.274913 0 0.580376 0.259134 0 0.532917 0.324722 0 0.566836 0.349078 0 0.562187 0.376272 0 0.553384 0.378342 0 0.537817 0.338392 0 0.568682 0.366246 0 0.561503 0.388044 0 0.550547 0.390588 0 0.543119 0.359786 0 0.565416 0.372026 0 0.560164 0.388414 0 0.549838 0.391881 0 1 0 0 0 0 0 0 0 0 0 0 0 0 0 0 0 0 0 0 0 0 0 0 0 0 0 0 0 0 0 0 0 0 0 0 0 0 0 0 0 0 0 0 0 0 0 0 0 0 0 0 0 0 0 0 0 0 0 0 0 0 0 0 0 
0 0.511012 0.431191 0 0.525702 0.394662 0 0.535967 0.37492 0 0.546825 0.369338 0 0.557888 0.368185 0 0.533344 0.327873 0 0.562155 0.303153 0 0.577276 0.287105 0 0.585268 0.275938 0 0.534746 0.329276 0 0.56851 0.347948 0 0.566338 0.366426 0 0.558707 0.36978 0 0.540559 0.342571 0 0.571198 0.366646 0 0.566374 0.385083 0 0.555889 0.390478 0 0.546977 0.362491 0 0.56612 0.372044 0 0.562795 0.386627 0 0.554925 0.392627 0 1 0 0 0 0 0 0 0 0 0 0 0 0 0 0 0 0 0 0 0 0 0 0 0 0 0 0 0 0 0 0 0 0 0 0 0 0 0 0 0 0 0 0 0 0 0 0 0 0 0 0 0 0 0 0 0 0 0 0 0 0 0 0 0 
0 0.511159 0.428865 0 0.52844 0.390667 0 0.538926 0.371372 0 0.547968 0.366662 0 0.558223 0.365018 0 0.534596 0.328162 0 0.561463 0.306791 0 0.574986 0.295814 0 0.582393 0.288798 0 0.535997 0.327201 0 0.569207 0.352134 0 0.565686 0.374789 0 0.556437 0.379345 0 0.541394 0.339878 0 0.571874 0.364054 0 0.56714 0.383643 0 0.556976 0.389668 0 0.547456 0.358947 0 0.568717 0.368153 0 0.565736 0.381726 0 0.557965 0.386529 0 1 0 0 0 0 0 0 0 0 0 0 0 0 0 0 0 0 0 0 0 0 0 0 0 0 0 0 0 0 0 0 0 0 0 0 0 0 0 0 0 0 0 0 0 0 0 0 0 0 0 0 0 0 0 0 0 0 0 0 0 0 0 0 0 
0 0.512404 0.434169 0 0.527031 0.397353 0 0.536034 0.377842 0 0.545282 0.372266 0 0.554919 0.370798 0 0.535074 0.327152 0 0.56171 0.307765 0 0.574427 0.299154 0 0.580495 0.29325 0 0.53626 0.325864 0 0.570558 0.346648 0 0.572042 0.364217 0 0.567214 0.368573 0 0.541648 0.338317 0 0.571661 0.366037 0 0.568542 0.385298 0 0.558611 0.392939 0 0.548234 0.358968 0 0.568789 0.371393 0 0.567037 0.387708 0 0.559522 0.398133 0 1 0 0 0 0 0 0 0 0 0 0 0 0 0 0 0 0 0 0 0 0 0 0 0 0 0 0 0 0 0 0 0 0 0 0 0 0 0 0 0 0 0 0 0 0 0 0 0 0 0 0 0 0 0 0 0 0 0 0 0 0 0 0 0 
0 0.512884 0.435022 0 0.529293 0.400005 0 0.539455 0.38069 0 0.546897 0.376836 0 0.555283 0.375071 0 0.535835 0.329574 0 0.562747 0.314705 0 0.575164 0.310132 0 0.581064 0.305458 0 0.536789 0.326438 0 0.569421 0.354364 0 0.568094 0.375558 0 0.56101 0.379653 0 0.542118 0.337873 0 0.572145 0.366515 0 0.568578 0.385183 0 0.557963 0.392423 0 0.548917 0.358143 0 0.57046 0.368287 0 0.569003 0.382418 0 0.56141 0.39082 0 1 0 0 0 0 0 0 0 0 0 0 0 0 0 0 0 0 0 0 0 0 0 0 0 0 0 0 0 0 0 0 0 0 0 0 0 0 0 0 0 0 0 0 0 0 0 0 0 0 0 0 0 0 0 0 0 0 0 0 0 0 0 0 0 
0 0.51151 0.429643 0 0.527008 0.396199 0 0.539277 0.376684 0 0.547714 0.371532 0 0.556174 0.370818 0 0.535256 0.326502 0 0.563208 0.310231 0 0.575347 0.302409 0 0.582066 0.293681 0 0.536578 0.324254 0 0.570366 0.358203 0 0.565386 0.381576 0 0.555261 0.385459 0 0.542494 0.335628 0 0.572006 0.367688 0 0.566488 0.388446 0 0.555573 0.397041 0 0.549303 0.354747 0 0.570242 0.360467 0 0.571292 0.370689 0 0.567003 0.375128 0 1 0 0 0 0 0 0 0 0 0 0 0 0 0 0 0 0 0 0 0 0 0 0 0 0 0 0 0 0 0 0 0 0 0 0 0 0 0 0 0 0 0 0 0 0 0 0 0 0 0 0 0 0 0 0 0 0 0 0 0 0 0 0 0 
0 0.511419 0.422731 0 0.524663 0.384205 0 0.534468 0.367949 0 0.544591 0.365377 0 0.552091 0.366636 0 0.538435 0.326078 0 0.564123 0.307874 0 0.5791 0.292963 0 0.588302 0.281211 0 0.540579 0.324037 0 0.570221 0.356121 0 0.565483 0.378682 0 0.555868 0.380086 0 0.545861 0.336345 0 0.571763 0.366617 0 0.566499 0.38438 0 0.556151 0.386001 0 0.551411 0.356339 0 0.570928 0.367186 0 0.570351 0.376623 0 0.565004 0.376307 0 1 0 0 0 0 0 0 0 0 0 0 0 0 0 0 0 0 0 0 0 0 0 0 0 0 0 0 0 0 0 0 0 0 0 0 0 0 0 0 0 0 0 0 0 0 0 0 0 0 0 0 0 0 0 0 0 0 0 0 0 0 0 0 0 
0 0.507907 0.41179 0 0.522385 0.372 0 0.5342 0.358428 0 0.546483 0.357555 0 0.553361 0.359362 0 0.541402 0.323007 0 0.567438 0.303495 0 0.583011 0.286282 0 0.593494 0.271753 0 0.543442 0.324116 0 0.572919 0.359438 0 0.56665 0.381395 0 0.556726 0.380161 0 0.546901 0.342136 0 0.571002 0.375418 0 0.56248 0.3918 0 0.552432 0.389761 0 0.550357 0.365148 0 0.566445 0.383225 0 0.56372 0.392759 0 0.559382 0.387629 0 1 0 0 0 0 0 0 0 0 0 0 0 0 0 0 0 0 0 0 0 0 0 0 0 0 0 0 0 0 0 0 0 0 0 0 0 0 0 0 0 0 0 0 0 0 0 0 0 0 0 0 0 0 0 0 0 0 0 0 0 0 0 0 0 
0 0.507357 0.426547 0 0.521317 0.394085 0 0.530201 0.372692 0 0.541197 0.362854 0 0.550608 0.353683 0 0.533828 0.324001 0 0.559821 0.291289 0 0.573457 0.270517 0 0.581043 0.25412 0 0.535044 0.320671 0 0.56974 0.346659 0 0.57041 0.376528 0 0.564167 0.385863 0 0.539449 0.334765 0 0.571407 0.366894 0 0.569698 0.392363 0 0.561463 0.403423 0 0.543817 0.357978 0 0.566137 0.376774 0 0.56352 0.393947 0 0.554546 0.401931 0 1 0 0 0 0 0 0 0 0 0 0 0 0 0 0 0 0 0 0 0 0 0 0 0 0 0 0 0 0 0 0 0 0 0 0 0 0 0 0 0 0 0 0 0 0 0 0 0 0 0 0 0 0 0 0 0 0 0 0 0 0 0 0 0 
0 0.514582 0.427016 0 0.546932 0.400085 0 0.55749 0.368879 0 0.561541 0.340228 0 0.558754 0.317129 0 0.552472 0.311508 0 0.564484 0.2687 0 0.573673 0.23862 0 0.582931 0.218587 0 0.534666 0.308683 0 0.555199 0.295509 0 0.564006 0.308302 0 0.571215 0.320546 0 0.521865 0.320842 0 0.548792 0.341484 0 0.552051 0.377706 0 0.550462 0.394213 0 0.513044 0.342726 0 0.541158 0.356614 0 0.547361 0.381239 0 0.546891 0.395762 0 1 0 0 0 0 0 0 0 0 0 0 0 0 0 0 0 0 0 0 0 0 0 0 0 0 0 0 0 0 0 0 0 0 0 0 0 0 0 0 0 0 0 0 0 0 0 0 0 0 0 0 0 0 0 0 0 0 0 0 0 0 0 0 0 
0 0.518498 0.424877 0 0.543691 0.395042 0 0.555126 0.346267 0 0.554884 0.312442 0 0.54674 0.297608 0 0.547946 0.306924 0 0.551606 0.25902 0 0.554753 0.229882 0 0.556913 0.210837 0 0.529428 0.307456 0 0.537313 0.28404 0 0.543745 0.309584 0 0.547789 0.336247 0 0.512562 0.3177 0 0.524498 0.309435 0 0.532242 0.341953 0 0.534257 0.369502 0 0.497184 0.331522 0 0.510344 0.322894 0 0.51889 0.346882 0 0.522467 0.370782 0 1 0 0 0 0 0 0 0 0 0 0 0 0 0 0 0 0 0 0 0 0 0 0 0 0 0 0 0 0 0 0 0 0 0 0 0 0 0 0 0 0 0 0 0 0 0 0 0 0 0 0 0 0 0 0 0 0 0 0 0 0 0 0 0 
0 0.508361 0.430376 0 0.532036 0.404215 0 0.543872 0.353539 0 0.542712 0.313533 0 0.534384 0.297027 0 0.529533 0.30779 0 0.526567 0.261294 0 0.524881 0.2244 0 0.523033 0.190876 0 0.51487 0.311407 0 0.517196 0.28162 0 0.524274 0.31385 0 0.527084 0.342321 0 0.500501 0.324983 0 0.504802 0.301982 0 0.515775 0.3372 0 0.518936 0.366096 0 0.486972 0.343878 0 0.495725 0.329114 0 0.506242 0.352116 0 0.510891 0.376598 0 1 0 0 0 0 0 0 0 0 0 0 0 0 0 0 0 0 0 0 0 0 0 0 0 0 0 0 0 0 0 0 0 0 0 0 0 0 0 0 0 0 0 0 0 0 0 0 0 0 0 0 0 0 0 0 0 0 0 0 0 0 0 0 0 
0 0.50049 0.427749 0 0.525078 0.4047 0 0.535117 0.355578 0 0.528362 0.321437 0 0.517421 0.313671 0 0.517703 0.305263 0 0.514572 0.25571 0 0.511897 0.221121 0 0.509313 0.193169 0 0.503092 0.312827 0 0.507229 0.29049 0 0.513054 0.331803 0 0.513321 0.356701 0 0.488988 0.326163 0 0.494375 0.309022 0 0.504097 0.345476 0 0.505618 0.366254 0 0.47581 0.342138 0 0.484577 0.338193 0 0.496113 0.363272 0 0.500742 0.381251 0 1 0 0 0 0 0 0 0 0 0 0 0 0 0 0 0 0 0 0 0 0 0 0 0 0 0 0 0 0 0 0 0 0 0 0 0 0 0 0 0 0 0 0 0 0 0 0 0 0 0 0 0 0 0 0 0 0 0 0 0 0 0 0 0 
0 0.497334 0.434013 0 0.519805 0.411644 0 0.527991 0.359194 0 0.52254 0.321327 0 0.512181 0.309929 0 0.512365 0.311984 0 0.50856 0.262346 0 0.507084 0.229552 0 0.505663 0.206478 0 0.497112 0.321794 0 0.500393 0.295889 0 0.506672 0.335951 0 0.506573 0.363247 0 0.481885 0.336101 0 0.486358 0.316044 0 0.496007 0.353072 0 0.497264 0.377598 0 0.468003 0.352975 0 0.47532 0.342778 0 0.486085 0.365147 0 0.489841 0.38429 0 1 0 0 0 0 0 0 0 0 0 0 0 0 0 0 0 0 0 0 0 0 0 0 0 0 0 0 0 0 0 0 0 0 0 0 0 0 0 0 0 0 0 0 0 0 0 0 0 0 0 0 0 0 0 0 0 0 0 0 0 0 0 0 0 
0 0.494864 0.433797 0 0.517054 0.412205 0 0.526582 0.361953 0 0.520245 0.324811 0 0.508799 0.312025 0 0.509058 0.309559 0 0.505147 0.260779 0 0.503754 0.229222 0 0.502796 0.208068 0 0.493628 0.320589 0 0.496572 0.298855 0 0.503515 0.339926 0 0.504474 0.366282 0 0.478459 0.336242 0 0.483051 0.32152 0 0.493289 0.357966 0 0.495113 0.379235 0 0.464937 0.354592 0 0.472176 0.34981 0 0.483321 0.372614 0 0.487226 0.389566 0 1 0 0 0 0 0 0 0 0 0 0 0 0 0 0 0 0 0 0 0 0 0 0 0 0 0 0 0 0 0 0 0 0 0 0 0 0 0 0 0 0 0 0 0 0 0 0 0 0 0 0 0 0 0 0 0 0 0 0 0 0 0 0 0 
0 0.493786 0.435024 0 0.516943 0.415572 0 0.525451 0.363983 0 0.518607 0.327056 0 0.506827 0.316228 0 0.508702 0.312357 0 0.505607 0.264047 0 0.504823 0.232155 0 0.504043 0.207638 0 0.493091 0.321634 0 0.495643 0.303882 0 0.502319 0.346725 0 0.502843 0.370996 0 0.477996 0.337054 0 0.482128 0.324002 0 0.491916 0.361456 0 0.494017 0.381931 0 0.464651 0.356643 0 0.472115 0.350261 0 0.482877 0.373908 0 0.487323 0.39165 0 1 0 0 0 0 0 0 0 0 0 0 0 0 0 0 0 0 0 0 0 0 0 0 0 0 0 0 0 0 0 0 0 0 0 0 0 0 0 0 0 0 0 0 0 0 0 0 0 0 0 0 0 0 0 0 0 0 0 0 0 0 0 0 0 
0 0.493931 0.43462 0 0.517857 0.41619 0 0.525605 0.364902 0 0.518356 0.327827 0 0.506536 0.316422 0 0.509112 0.313224 0 0.505897 0.263673 0 0.506023 0.230887 0 0.505525 0.204209 0 0.493097 0.322594 0 0.497709 0.307461 0 0.504672 0.349739 0 0.504676 0.371593 0 0.478327 0.337573 0 0.484479 0.327264 0 0.493691 0.364419 0 0.494791 0.383285 0 0.465217 0.356519 0 0.474709 0.351971 0 0.48504 0.377149 0 0.488601 0.394062 0 1 0 0 0 0 0 0 0 0 0 0 0 0 0 0 0 0 0 0 0 0 0 0 0 0 0 0 0 0 0 0 0 0 0 0 0 0 0 0 0 0 0 0 0 0 0 0 0 0 0 0 0 0 0 0 0 0 0 0 0 0 0 0 0 
0 0.49457 0.435128 0 0.517825 0.416169 0 0.525996 0.367856 0 0.519482 0.330422 0 0.508626 0.316971 0 0.510122 0.315847 0 0.507486 0.267386 0 0.506424 0.23368 0 0.505515 0.208537 0 0.494582 0.32628 0 0.498406 0.308024 0 0.504687 0.350055 0 0.50551 0.375173 0 0.47955 0.341053 0 0.484977 0.328445 0 0.494322 0.365004 0 0.49624 0.385587 0 0.466216 0.359175 0 0.474411 0.356218 0 0.484816 0.380168 0 0.489051 0.397686 0 1 0 0 0 0 0 0 0 0 0 0 0 0 0 0 0 0 0 0 0 0 0 0 0 0 0 0 0 0 0 0 0 0 0 0 0 0 0 0 0 0 0 0 0 0 0 0 0 0 0 0 0 0 0 0 0 0 0 0 0 0 0 0 0 
0 0.493929 0.435585 0 0.51752 0.417632 0 0.526244 0.369191 0 0.5207 0.332737 0 0.511313 0.3174 0 0.509359 0.316008 0 0.507769 0.268064 0 0.50723 0.235668 0 0.507169 0.211445 0 0.493737 0.326709 0 0.498323 0.310363 0 0.505017 0.353055 0 0.506101 0.377842 0 0.47903 0.342188 0 0.48558 0.332196 0 0.495407 0.369389 0 0.497373 0.389791 0 0.466298 0.360509 0 0.47584 0.359899 0 0.486376 0.384377 0 0.490496 0.401523 0 1 0 0 0 0 0 0 0 0 0 0 0 0 0 0 0 0 0 0 0 0 0 0 0 0 0 0 0 0 0 0 0 0 0 0 0 0 0 0 0 0 0 0 0 0 0 0 0 0 0 0 0 0 0 0 0 0 0 0 0 0 0 0 0 
0 0.493402 0.438123 0 0.518916 0.418701 0 0.527042 0.372301 0 0.519121 0.3365 0 0.508556 0.322047 0 0.510214 0.31917 0 0.507532 0.268843 0 0.506528 0.23284 0 0.505504 0.204419 0 0.493732 0.32879 0 0.498102 0.312309 0 0.504665 0.354992 0 0.505673 0.378345 0 0.47852 0.343736 0 0.484456 0.333792 0 0.495102 0.370517 0 0.497743 0.389634 0 0.465186 0.36228 0 0.475306 0.360989 0 0.486907 0.384508 0 0.492454 0.401364 0 1 0 0 0 0 0 0 0 0 0 0 0 0 0 0 0 0 0 0 0 0 0 0 0 0 0 0 0 0 0 0 0 0 0 0 0 0 0 0 0 0 0 0 0 0 0 0 0 0 0 0 0 0 0 0 0 0 0 0 0 0 0 0 0 
0 0.494344 0.437416 0 0.519294 0.419729 0 0.527574 0.371647 0 0.520591 0.33459 0 0.509803 0.320586 0 0.510172 0.319993 0 0.507209 0.271164 0 0.506274 0.234948 0 0.505432 0.204919 0 0.49425 0.329395 0 0.498185 0.312767 0 0.504701 0.355571 0 0.505024 0.378907 0 0.479447 0.344449 0 0.484941 0.33351 0 0.496062 0.370459 0 0.49874 0.389777 0 0.466102 0.364088 0 0.476037 0.361202 0 0.487805 0.384285 0 0.493484 0.401675 0 1 0 0 0 0 0 0 0 0 0 0 0 0 0 0 0 0 0 0 0 0 0 0 0 0 0 0 0 0 0 0 0 0 0 0 0 0 0 0 0 0 0 0 0 0 0 0 0 0 0 0 0 0 0 0 0 0 0 0 0 0 0 0 0 
0 0.49414 0.438733 0 0.518706 0.42107 0 0.527061 0.372637 0 0.520452 0.335847 0 0.508809 0.323978 0 0.509958 0.320793 0 0.507854 0.271409 0 0.506623 0.234559 0 0.505387 0.203995 0 0.494036 0.330547 0 0.499245 0.314884 0 0.505289 0.357498 0 0.505244 0.380524 0 0.479107 0.345561 0 0.485319 0.336412 0 0.495743 0.372296 0 0.497902 0.390666 0 0.465941 0.3652 0 0.475659 0.362794 0 0.487023 0.385917 0 0.492167 0.403148 0 1 0 0 0 0 0 0 0 0 0 0 0 0 0 0 0 0 0 0 0 0 0 0 0 0 0 0 0 0 0 0 0 0 0 0 0 0 0 0 0 0 0 0 0 0 0 0 0 0 0 0 0 0 0 0 0 0 0 0 0 0 0 0 0 
0 0.493927 0.437751 0 0.517508 0.417671 0 0.52549 0.368892 0 0.518582 0.332177 0 0.50642 0.317551 0 0.508872 0.318355 0 0.506743 0.271489 0 0.505964 0.238566 0 0.50611 0.212805 0 0.493485 0.329848 0 0.497772 0.312229 0 0.504547 0.354164 0 0.506141 0.378549 0 0.478753 0.345715 0 0.485243 0.333656 0 0.494912 0.370821 0 0.497222 0.392232 0 0.465907 0.364539 0 0.476185 0.361123 0 0.48639 0.385597 0 0.490282 0.403497 0 1 0 0 0 0 0 0 0 0 0 0 0 0 0 0 0 0 0 0 0 0 0 0 0 0 0 0 0 0 0 0 0 0 0 0 0 0 0 0 0 0 0 0 0 0 0 0 0 0 0 0 0 0 0 0 0 0 0 0 0 0 0 0 0 
0 0.493812 0.437692 0 0.518371 0.418724 0 0.526053 0.37013 0 0.518662 0.333553 0 0.505321 0.320455 0 0.509556 0.318902 0 0.507088 0.272488 0 0.506271 0.238767 0 0.506173 0.212028 0 0.493878 0.329795 0 0.49799 0.311828 0 0.504624 0.353418 0 0.505603 0.376599 0 0.478959 0.345092 0 0.485529 0.33314 0 0.495318 0.370868 0 0.497102 0.391548 0 0.465944 0.363691 0 0.476576 0.359738 0 0.487064 0.384777 0 0.490891 0.402927 0 1 0 0 0 0 0 0 0 0 0 0 0 0 0 0 0 0 0 0 0 0 0 0 0 0 0 0 0 0 0 0 0 0 0 0 0 0 0 0 0 0 0 0 0 0 0 0 0 0 0 0 0 0 0 0 0 0 0 0 0 0 0 0 0 
0 0.493119 0.437184 0 0.516657 0.418963 0 0.525077 0.366646 0 0.518505 0.329463 0 0.505431 0.318366 0 0.507759 0.317236 0 0.505962 0.271237 0 0.504952 0.23815 0 0.50455 0.212803 0 0.492653 0.32783 0 0.49638 0.310381 0 0.502822 0.353136 0 0.503838 0.377846 0 0.477901 0.343442 0 0.483543 0.331314 0 0.493549 0.368682 0 0.495434 0.390004 0 0.465246 0.362581 0 0.4739 0.358751 0 0.484539 0.382593 0 0.488602 0.400808 0 1 0 0 0 0 0 0 0 0 0 0 0 0 0 0 0 0 0 0 0 0 0 0 0 0 0 0 0 0 0 0 0 0 0 0 0 0 0 0 0 0 0 0 0 0 0 0 0 0 0 0 0 0 0 0 0 0 0 0 0 0 0 0 0 
0 0.493269 0.436639 0 0.5158 0.416211 0 0.525093 0.367384 0 0.519082 0.332369 0 0.507721 0.319412 0 0.507921 0.315492 0 0.505482 0.268717 0 0.504285 0.236953 0 0.503453 0.212839 0 0.492644 0.325684 0 0.495757 0.307496 0 0.502472 0.350226 0 0.503886 0.37592 0 0.478046 0.341476 0 0.482687 0.328685 0 0.492715 0.365835 0 0.495093 0.387629 0 0.465535 0.361698 0 0.472954 0.357502 0 0.483642 0.380707 0 0.488172 0.39878 0 1 0 0 0 0 0 0 0 0 0 0 0 0 0 0 0 0 0 0 0 0 0 0 0 0 0 0 0 0 0 0 0 0 0 0 0 0 0 0 0 0 0 0 0 0 0 0 0 0 0 0 0 0 0 0 0 0 0 0 0 0 0 0 0 
0 0.492528 0.436463 0 0.517929 0.416617 0 0.524916 0.368409 0 0.517154 0.330753 0 0.504149 0.318636 0 0.507947 0.317193 0 0.505602 0.269126 0 0.504045 0.233544 0 0.502677 0.205092 0 0.492419 0.327581 0 0.497042 0.308638 0 0.503929 0.35015 0 0.504951 0.373508 0 0.477776 0.342638 0 0.484057 0.32992 0 0.494809 0.366819 0 0.497142 0.386291 0 0.465422 0.360812 0 0.475276 0.356932 0 0.486621 0.38173 0 0.491515 0.399003 0 1 0 0 0 0 0 0 0 0 0 0 0 0 0 0 0 0 0 0 0 0 0 0 0 0 0 0 0 0 0 0 0 0 0 0 0 0 0 0 0 0 0 0 0 0 0 0 0 0 0 0 0 0 0 0 0 0 0 0 0 0 0 0 0 
0 0.492365 0.434787 0 0.517576 0.415721 0 0.524925 0.36807 0 0.517329 0.331891 0 0.504199 0.320673 0 0.50686 0.315984 0 0.504912 0.268295 0 0.503533 0.233405 0 0.502179 0.204908 0 0.491578 0.327115 0 0.496553 0.309129 0 0.50397 0.351239 0 0.504996 0.374818 0 0.476906 0.342475 0 0.483564 0.332065 0 0.494829 0.369058 0 0.497082 0.387966 0 0.464319 0.360738 0 0.474092 0.357964 0 0.485611 0.382236 0 0.49049 0.399077 0 1 0 0 0 0 0 0 0 0 0 0 0 0 0 0 0 0 0 0 0 0 0 0 0 0 0 0 0 0 0 0 0 0 0 0 0 0 0 0 0 0 0 0 0 0 0 0 0 0 0 0 0 0 0 0 0 0 0 0 0 0 0 0 0 
0 0.492557 0.435845 0 0.515952 0.417185 0 0.524967 0.36906 0 0.519047 0.334156 0 0.506036 0.328137 0 0.507917 0.316211 0 0.5071 0.269032 0 0.506032 0.234147 0 0.5043 0.204856 0 0.492854 0.326255 0 0.497931 0.309355 0 0.504442 0.354045 0 0.504374 0.378689 0 0.477866 0.34178 0 0.484734 0.330816 0 0.495704 0.368308 0 0.497754 0.387837 0 0.464945 0.361812 0 0.474636 0.359076 0 0.485979 0.383366 0 0.490662 0.401083 0 1 0 0 0 0 0 0 0 0 0 0 0 0 0 0 0 0 0 0 0 0 0 0 0 0 0 0 0 0 0 0 0 0 0 0 0 0 0 0 0 0 0 0 0 0 0 0 0 0 0 0 0 0 0 0 0 0 0 0 0 0 0 0 0 
0 0.493216 0.436434 0 0.517523 0.41884 0 0.526206 0.370248 0 0.519272 0.333043 0 0.504944 0.324844 0 0.508318 0.320565 0 0.506761 0.273072 0 0.505272 0.238335 0 0.503937 0.210166 0 0.493398 0.329929 0 0.496926 0.310074 0 0.503394 0.353371 0 0.504532 0.379417 0 0.478049 0.34463 0 0.484147 0.330038 0 0.494102 0.367627 0 0.496104 0.389087 0 0.464974 0.363635 0 0.474111 0.358791 0 0.484682 0.381864 0 0.489019 0.400181 0 1 0 0 0 0 0 0 0 0 0 0 0 0 0 0 0 0 0 0 0 0 0 0 0 0 0 0 0 0 0 0 0 0 0 0 0 0 0 0 0 0 0 0 0 0 0 0 0 0 0 0 0 0 0 0 0 0 0 0 0 0 0 0 0 
0 0.494225 0.43659 0 0.518612 0.416356 0 0.526228 0.367411 0 0.517997 0.330743 0 0.505057 0.319761 0 0.50932 0.316051 0 0.505947 0.267907 0 0.50487 0.234268 0 0.504247 0.208003 0 0.494159 0.327171 0 0.498461 0.30881 0 0.505141 0.352072 0 0.505326 0.375876 0 0.479541 0.342873 0 0.485603 0.331519 0 0.495489 0.369046 0 0.496797 0.387439 0 0.466948 0.36139 0 0.476386 0.359126 0 0.486842 0.38428 0 0.490365 0.400904 0 1 0 0 0 0 0 0 0 0 0 0 0 0 0 0 0 0 0 0 0 0 0 0 0 0 0 0 0 0 0 0 0 0 0 0 0 0 0 0 0 0 0 0 0 0 0 0 0 0 0 0 0 0 0 0 0 0 0 0 0 0 0 0 0 
0 0.494435 0.438575 0 0.519568 0.415355 0 0.526651 0.366183 0 0.51908 0.329389 0 0.506889 0.317911 0 0.509633 0.317143 0 0.506576 0.267326 0 0.505415 0.23253 0 0.50479 0.204515 0 0.494135 0.327474 0 0.499732 0.310061 0 0.505936 0.353004 0 0.506072 0.375295 0 0.479543 0.342897 0 0.486899 0.332389 0 0.496512 0.369656 0 0.49783 0.387257 0 0.467072 0.361372 0 0.477496 0.360259 0 0.488294 0.385671 0 0.492075 0.401848 0 1 0 0 0 0 0 0 0 0 0 0 0 0 0 0 0 0 0 0 0 0 0 0 0 0 0 0 0 0 0 0 0 0 0 0 0 0 0 0 0 0 0 0 0 0 0 0 0 0 0 0 0 0 0 0 0 0 0 0 0 0 0 0 0 
0 0.494079 0.437599 0 0.519215 0.415745 0 0.526136 0.366274 0 0.518276 0.329097 0 0.505038 0.318912 0 0.509002 0.317986 0 0.505804 0.268245 0 0.504827 0.233787 0 0.504246 0.206243 0 0.493604 0.328111 0 0.498805 0.31049 0 0.505141 0.353384 0 0.505436 0.375771 0 0.479058 0.343461 0 0.486128 0.333045 0 0.49608 0.370315 0 0.497554 0.38803 0 0.466673 0.361705 0 0.476936 0.360439 0 0.487723 0.385933 0 0.49175 0.401933 0 1 0 0 0 0 0 0 0 0 0 0 0 0 0 0 0 0 0 0 0 0 0 0 0 0 0 0 0 0 0 0 0 0 0 0 0 0 0 0 0 0 0 0 0 0 0 0 0 0 0 0 0 0 0 0 0 0 0 0 0 0 0 0 0 
0 0.494301 0.438945 0 0.51924 0.416664 0 0.526804 0.367234 0 0.519579 0.329398 0 0.50728 0.316839 0 0.510564 0.318363 0 0.506876 0.269438 0 0.505786 0.234447 0 0.505377 0.205204 0 0.494698 0.328046 0 0.499664 0.311104 0 0.506002 0.354384 0 0.506058 0.375924 0 0.479741 0.343288 0 0.486621 0.333262 0 0.496172 0.371115 0 0.497109 0.388692 0 0.466733 0.36186 0 0.477635 0.361317 0 0.488555 0.387303 0 0.49213 0.403447 0 1 0 0 0 0 0 0 0 0 0 0 0 0 0 0 0 0 0 0 0 0 0 0 0 0 0 0 0 0 0 0 0 0 0 0 0 0 0 0 0 0 0 0 0 0 0 0 0 0 0 0 0 0 0 0 0 0 0 0 0 0 0 0 0 
0 0.49394 0.43817 0 0.519608 0.415833 0 0.526678 0.367274 0 0.519096 0.329496 0 0.50628 0.318765 0 0.509641 0.318642 0 0.506439 0.268545 0 0.505478 0.233059 0 0.505166 0.203405 0 0.494193 0.32838 0 0.499137 0.309696 0 0.505363 0.35264 0 0.505741 0.37404 0 0.479235 0.343519 0 0.486354 0.332254 0 0.496333 0.369707 0 0.497803 0.387007 0 0.466314 0.36182 0 0.47729 0.360072 0 0.488319 0.385648 0 0.492344 0.402015 0 1 0 0 0 0 0 0 0 0 0 0 0 0 0 0 0 0 0 0 0 0 0 0 0 0 0 0 0 0 0 0 0 0 0 0 0 0 0 0 0 0 0 0 0 0 0 0 0 0 0 0 0 0 0 0 0 0 0 0 0 0 0 0 0 
0 0.494186 0.438856 0 0.519625 0.417873 0 0.527218 0.368422 0 0.520358 0.330498 0 0.507744 0.321547 0 0.510091 0.318616 0 0.506942 0.268609 0 0.505899 0.23201 0 0.504925 0.201174 0 0.494769 0.328603 0 0.500095 0.310883 0 0.505675 0.353857 0 0.505396 0.375332 0 0.479901 0.343634 0 0.487316 0.333388 0 0.496713 0.370225 0 0.4977 0.386965 0 0.466801 0.362142 0 0.478106 0.360954 0 0.488662 0.386082 0 0.492324 0.402702 0 1 0 0 0 0 0 0 0 0 0 0 0 0 0 0 0 0 0 0 0 0 0 0 0 0 0 0 0 0 0 0 0 0 0 0 0 0 0 0 0 0 0 0 0 0 0 0 0 0 0 0 0 0 0 0 0 0 0 0 0 0 0 0 0 
0 0.493759 0.437746 0 0.519272 0.416287 0 0.527004 0.367986 0 0.520373 0.330508 0 0.506724 0.323073 0 0.509759 0.318826 0 0.507728 0.269881 0 0.507096 0.233632 0 0.506338 0.202272 0 0.494288 0.328545 0 0.499324 0.310176 0 0.505001 0.354168 0 0.504659 0.376117 0 0.479405 0.344122 0 0.48624 0.332412 0 0.496291 0.370049 0 0.497912 0.38784 0 0.466357 0.363515 0 0.477093 0.360259 0 0.487837 0.385174 0 0.492045 0.40285 0 1 0 0 0 0 0 0 0 0 0 0 0 0 0 0 0 0 0 0 0 0 0 0 0 0 0 0 0 0 0 0 0 0 0 0 0 0 0 0 0 0 0 0 0 0 0 0 0 0 0 0 0 0 0 0 0 0 0 0 0 0 0 0 0 
0 0.493554 0.437802 0 0.519197 0.418027 0 0.527589 0.37184 0 0.519913 0.335482 0 0.508344 0.323776 0 0.510233 0.319104 0 0.506595 0.268779 0 0.506045 0.232534 0 0.505133 0.201181 0 0.49429 0.327984 0 0.498737 0.310295 0 0.504777 0.354243 0 0.504743 0.374616 0 0.479212 0.342741 0 0.485711 0.334198 0 0.496002 0.371826 0 0.497763 0.387596 0 0.465867 0.361874 0 0.47688 0.360598 0 0.487893 0.384833 0 0.492694 0.400157 0 1 0 0 0 0 0 0 0 0 0 0 0 0 0 0 0 0 0 0 0 0 0 0 0 0 0 0 0 0 0 0 0 0 0 0 0 0 0 0 0 0 0 0 0 0 0 0 0 0 0 0 0 0 0 0 0 0 0 0 0 0 0 0 0 
0 0.494966 0.439882 0 0.519854 0.418543 0 0.527316 0.370001 0 0.519546 0.332263 0 0.508036 0.319034 0 0.5103 0.318516 0 0.507967 0.27028 0 0.507925 0.234613 0 0.506999 0.203185 0 0.494755 0.328164 0 0.499957 0.309898 0 0.505677 0.351851 0 0.505622 0.37163 0 0.480534 0.344118 0 0.487686 0.333354 0 0.497672 0.370648 0 0.498718 0.387531 0 0.467932 0.364581 0 0.479221 0.362784 0 0.49036 0.386658 0 0.494192 0.40229 0 1 0 0 0 0 0 0 0 0 0 0 0 0 0 0 0 0 0 0 0 0 0 0 0 0 0 0 0 0 0 0 0 0 0 0 0 0 0 0 0 0 0 0 0 0 0 0 0 0 0 0 0 0 0 0 0 0 0 0 0 0 0 0 0 
0 0.494705 0.439701 0 0.520485 0.417281 0 0.526717 0.368079 0 0.518615 0.329406 0 0.506686 0.316186 0 0.51011 0.317626 0 0.507846 0.2704 0 0.508126 0.234266 0 0.50823 0.202063 0 0.494896 0.327791 0 0.500717 0.309695 0 0.506161 0.351808 0 0.505719 0.37162 0 0.480638 0.343577 0 0.488219 0.332091 0 0.497303 0.368837 0 0.49806 0.384844 0 0.468046 0.363098 0 0.479711 0.361254 0 0.489991 0.38529 0 0.493361 0.400873 0 1 0 0 0 0 0 0 0 0 0 0 0 0 0 0 0 0 0 0 0 0 0 0 0 0 0 0 0 0 0 0 0 0 0 0 0 0 0 0 0 0 0 0 0 0 0 0 0 0 0 0 0 0 0 0 0 0 0 0 0 0 0 0 0 
0 0.494243 0.441194 0 0.519972 0.419229 0 0.526675 0.371199 0 0.51915 0.335042 0 0.50535 0.325044 0 0.509803 0.32039 0 0.507442 0.272087 0 0.507479 0.236289 0 0.5071 0.205521 0 0.494468 0.330528 0 0.499996 0.31076 0 0.506061 0.352572 0 0.505654 0.373976 0 0.479965 0.346277 0 0.487845 0.334463 0 0.497781 0.370906 0 0.498698 0.388594 0 0.467249 0.366135 0 0.478622 0.36331 0 0.489459 0.386414 0 0.492974 0.4023 0 1 0 0 0 0 0 0 0 0 0 0 0 0 0 0 0 0 0 0 0 0 0 0 0 0 0 0 0 0 0 0 0 0 0 0 0 0 0 0 0 0 0 0 0 0 0 0 0 0 0 0 0 0 0 0 0 0 0 0 0 0 0 0 0 
0 0.494678 0.440606 0 0.520719 0.419264 0 0.527455 0.369977 0 0.519767 0.332869 0 0.505839 0.322937 0 0.510407 0.320124 0 0.508587 0.271991 0 0.508788 0.236417 0 0.508409 0.205333 0 0.495127 0.329963 0 0.500474 0.310829 0 0.505747 0.352824 0 0.504914 0.372835 0 0.480557 0.345029 0 0.487825 0.333441 0 0.497489 0.370864 0 0.498227 0.387821 0 0.467726 0.364229 0 0.478768 0.362055 0 0.489549 0.386122 0 0.493008 0.401782 0 1 0 0 0 0 0 0 0 0 0 0 0 0 0 0 0 0 0 0 0 0 0 0 0 0 0 0 0 0 0 0 0 0 0 0 0 0 0 0 0 0 0 0 0 0 0 0 0 0 0 0 0 0 0 0 0 0 0 0 0 0 0 0 0 
0 0.494685 0.43984 0 0.520144 0.417869 0 0.527432 0.369406 0 0.519771 0.332937 0 0.50622 0.323737 0 0.510232 0.320485 0 0.507409 0.272215 0 0.506828 0.236524 0 0.506476 0.205474 0 0.494705 0.33068 0 0.49987 0.311663 0 0.505622 0.354417 0 0.504908 0.376023 0 0.47983 0.345887 0 0.487308 0.333994 0 0.497017 0.370834 0 0.497772 0.388121 0 0.466757 0.364944 0 0.477492 0.361638 0 0.488365 0.38537 0 0.492077 0.401362 0 1 0 0 0 0 0 0 0 0 0 0 0 0 0 0 0 0 0 0 0 0 0 0 0 0 0 0 0 0 0 0 0 0 0 0 0 0 0 0 0 0 0 0 0 0 0 0 0 0 0 0 0 0 0 0 0 0 0 0 0 0 0 0 0 
0 0.494842 0.439682 0 0.519567 0.417899 0 0.526554 0.369281 0 0.518885 0.333633 0 0.506409 0.323657 0 0.510135 0.319461 0 0.506875 0.271629 0 0.505666 0.236728 0 0.505096 0.207201 0 0.494843 0.330038 0 0.499309 0.311399 0 0.505183 0.354732 0 0.505026 0.376871 0 0.479986 0.345674 0 0.486663 0.333101 0 0.4959 0.370574 0 0.496823 0.388702 0 0.46713 0.365194 0 0.477801 0.361541 0 0.488181 0.386317 0 0.49161 0.402471 0 1 0 0 0 0 0 0 0 0 0 0 0 0 0 0 0 0 0 0 0 0 0 0 0 0 0 0 0 0 0 0 0 0 0 0 0 0 0 0 0 0 0 0 0 0 0 0 0 0 0 0 0 0 0 0 0 0 0 0 0 0 0 0 0 
0 0.494342 0.440648 0 0.519845 0.42057 0 0.527675 0.371029 0 0.520499 0.333679 0 0.508065 0.322854 0 0.511006 0.319549 0 0.509821 0.271885 0 0.50984 0.236668 0 0.509759 0.204979 0 0.49546 0.329351 0 0.500533 0.312067 0 0.505748 0.356057 0 0.505304 0.375949 0 0.480827 0.344538 0 0.487795 0.334311 0 0.496862 0.372139 0 0.497688 0.388286 0 0.467711 0.363865 0 0.478863 0.363697 0 0.489309 0.38829 0 0.492818 0.403465 0 1 0 0 0 0 0 0 0 0 0 0 0 0 0 0 0 0 0 0 0 0 0 0 0 0 0 0 0 0 0 0 0 0 0 0 0 0 0 0 0 0 0 0 0 0 0 0 0 0 0 0 0 0 0 0 0 0 0 0 0 0 0 0 0 
0 0.491168 0.438348 0 0.518485 0.419642 0 0.530167 0.374003 0 0.525071 0.337734 0 0.514279 0.325663 0 0.511551 0.313554 0 0.511164 0.266273 0 0.512588 0.230895 0 0.513032 0.200166 0 0.496224 0.321548 0 0.507257 0.314782 0 0.511727 0.356852 0 0.510053 0.375487 0 0.481702 0.338377 0 0.493574 0.342457 0 0.501589 0.377648 0 0.500559 0.392654 0 0.468238 0.359624 0 0.482175 0.366022 0 0.49167 0.389682 0 0.493955 0.403401 0 1 0 0 0 0 0 0 0 0 0 0 0 0 0 0 0 0 0 0 0 0 0 0 0 0 0 0 0 0 0 0 0 0 0 0 0 0 0 0 0 0 0 0 0 0 0 0 0 0 0 0 0 0 0 0 0 0 0 0 0 0 0 0 0 
0 0.492276 0.435468 0 0.518644 0.414579 0 0.531656 0.374493 0 0.533032 0.345222 0 0.525054 0.328819 0 0.51487 0.312138 0 0.519343 0.265795 0 0.521821 0.231295 0 0.524416 0.203156 0 0.499424 0.320538 0 0.518054 0.317441 0 0.52324 0.360485 0 0.521277 0.381125 0 0.485339 0.337036 0 0.506078 0.343805 0 0.512567 0.378944 0 0.510719 0.394376 0 0.474374 0.357782 0 0.493009 0.366217 0 0.501976 0.390434 0 0.502909 0.40125 0 1 0 0 0 0 0 0 0 0 0 0 0 0 0 0 0 0 0 0 0 0 0 0 0 0 0 0 0 0 0 0 0 0 0 0 0 0 0 0 0 0 0 0 0 0 0 0 0 0 0 0 0 0 0 0 0 0 0 0 0 0 0 0 0 
0 0.491784 0.434755 0 0.524542 0.412752 0 0.537907 0.380077 0 0.547871 0.354082 0 0.556197 0.336129 0 0.516025 0.3201 0 0.519271 0.278673 0 0.525769 0.257356 0 0.531909 0.244041 0 0.503074 0.328011 0 0.517978 0.310532 0 0.530026 0.339193 0 0.532982 0.363394 0 0.492198 0.34196 0 0.512308 0.333416 0 0.526408 0.365039 0 0.529202 0.386534 0 0.483393 0.360631 0 0.504577 0.357423 0 0.517761 0.374881 0 0.520988 0.388701 0 1 0 0 0 0 0 0 0 0 0 0 0 0 0 0 0 0 0 0 0 0 0 0 0 0 0 0 0 0 0 0 0 0 0 0 0 0 0 0 0 0 0 0 0 0 0 0 0 0 0 0 0 0 0 0 0 0 0 0 0 0 0 0 0 
0 0.4998 0.43294 0 0.529703 0.406578 0 0.543688 0.373079 0 0.553386 0.35179 0 0.558785 0.339419 0 0.528116 0.3144 0 0.5385 0.27471 0 0.546335 0.249479 0 0.554271 0.232913 0 0.515485 0.320052 0 0.539072 0.316829 0 0.544526 0.345329 0 0.542738 0.365836 0 0.507009 0.335548 0 0.535815 0.345797 0 0.539874 0.377409 0 0.535243 0.393068 0 0.500558 0.355721 0 0.526391 0.365551 0 0.530786 0.384301 0 0.525589 0.394361 0 1 0 0 0 0 0 0 0 0 0 0 0 0 0 0 0 0 0 0 0 0 0 0 0 0 0 0 0 0 0 0 0 0 0 0 0 0 0 0 0 0 0 0 0 0 0 0 0 0 0 0 0 0 0 0 0 0 0 0 0 0 0 0 0 
0 0.504753 0.430973 0 0.53539 0.409333 0 0.546586 0.370819 0 0.552401 0.339873 0 0.554856 0.322871 0 0.530665 0.3182 0 0.547517 0.278062 0 0.556287 0.251526 0 0.564491 0.231147 0 0.519651 0.319732 0 0.554679 0.327287 0 0.555923 0.358511 0 0.552954 0.373123 0 0.513248 0.333656 0 0.551835 0.352348 0 0.551043 0.382149 0 0.544191 0.392818 0 0.509256 0.354625 0 0.542676 0.370922 0 0.543723 0.392109 0 0.537443 0.401437 0 1 0 0 0 0 0 0 0 0 0 0 0 0 0 0 0 0 0 0 0 0 0 0 0 0 0 0 0 0 0 0 0 0 0 0 0 0 0 0 0 0 0 0 0 0 0 0 0 0 0 0 0 0 0 0 0 0 0 0 0 0 0 0 0 
0 0.510847 0.429134 0 0.540487 0.409346 0 0.550763 0.367711 0 0.555981 0.334223 0 0.56266 0.313592 0 0.530798 0.31921 0 0.551007 0.284651 0 0.561152 0.260686 0 0.568613 0.241483 0 0.522488 0.322843 0 0.562592 0.330878 0 0.562744 0.360924 0 0.556909 0.374178 0 0.519612 0.337664 0 0.560108 0.350866 0 0.557734 0.382857 0 0.549667 0.393952 0 0.520347 0.357192 0 0.552394 0.368295 0 0.551995 0.392251 0 0.544945 0.402906 0 1 0 0 0 0 0 0 0 0 0 0 0 0 0 0 0 0 0 0 0 0 0 0 0 0 0 0 0 0 0 0 0 0 0 0 0 0 0 0 0 0 0 0 0 0 0 0 0 0 0 0 0 0 0 0 0 0 0 0 0 0 0 0 0 
0 0.513375 0.435311 0 0.540413 0.413746 0 0.551863 0.378938 0 0.558752 0.351911 0 0.564996 0.332647 0 0.534301 0.324663 0 0.556565 0.285868 0 0.56738 0.259515 0 0.576264 0.240756 0 0.525985 0.323452 0 0.569411 0.33098 0 0.567741 0.360375 0 0.560105 0.374976 0 0.524943 0.335435 0 0.566094 0.345623 0 0.56285 0.372108 0 0.554706 0.386107 0 0.527509 0.351939 0 0.559662 0.365115 0 0.558963 0.389101 0 0.551245 0.401355 0 1 0 0 0 0 0 0 0 0 0 0 0 0 0 0 0 0 0 0 0 0 0 0 0 0 0 0 0 0 0 0 0 0 0 0 0 0 0 0 0 0 0 0 0 0 0 0 0 0 0 0 0 0 0 0 0 0 0 0 0 0 0 0 0 
0 0.518955 0.431935 0 0.547055 0.41067 0 0.558081 0.381641 0 0.56385 0.352367 0 0.567732 0.325915 0 0.539506 0.33068 0 0.560253 0.29 0 0.570532 0.265606 0 0.579015 0.248125 0 0.532519 0.33097 0 0.569942 0.33353 0 0.569492 0.35913 0 0.563666 0.373068 0 0.531669 0.34125 0 0.56824 0.352726 0 0.56581 0.377093 0 0.558304 0.389461 0 0.534231 0.355296 0 0.561836 0.365829 0 0.5615 0.387077 0 0.555366 0.399377 0 1 0 0 0 0 0 0 0 0 0 0 0 0 0 0 0 0 0 0 0 0 0 0 0 0 0 0 0 0 0 0 0 0 0 0 0 0 0 0 0 0 0 0 0 0 0 0 0 0 0 0 0 0 0 0 0 0 0 0 0 0 0 0 0 
0 0.516039 0.423965 0 0.542133 0.39643 0 0.552607 0.367556 0 0.558853 0.347975 0 0.559618 0.3308 0 0.541717 0.315188 0 0.565112 0.285698 0 0.577161 0.265672 0 0.585283 0.249518 0 0.535872 0.317215 0 0.57299 0.339416 0 0.572671 0.367036 0 0.56607 0.376517 0 0.536055 0.331711 0 0.569995 0.356871 0 0.565845 0.378804 0 0.557116 0.384911 0 0.538211 0.353701 0 0.563882 0.370672 0 0.562414 0.390899 0 0.554914 0.399658 0 1 0 0 0 0 0 0 0 0 0 0 0 0 0 0 0 0 0 0 0 0 0 0 0 0 0 0 0 0 0 0 0 0 0 0 0 0 0 0 0 0 0 0 0 0 0 0 0 0 0 0 0 0 0 0 0 0 0 0 0 0 0 0 0 
0 0.516263 0.430574 0 0.543386 0.410674 0 0.554389 0.384352 0 0.559812 0.360923 0 0.560486 0.340706 0 0.541063 0.32429 0 0.562766 0.29636 0 0.574568 0.27599 0 0.583735 0.260514 0 0.535035 0.321069 0 0.572013 0.342849 0 0.570888 0.366531 0 0.565139 0.376766 0 0.535628 0.330695 0 0.571543 0.359175 0 0.567238 0.380368 0 0.558295 0.389106 0 0.538416 0.349984 0 0.566731 0.365928 0 0.566149 0.385624 0 0.559526 0.395799 0 1 0 0 0 0 0 0 0 0 0 0 0 0 0 0 0 0 0 0 0 0 0 0 0 0 0 0 0 0 0 0 0 0 0 0 0 0 0 0 0 0 0 0 0 0 0 0 0 0 0 0 0 0 0 0 0 0 0 0 0 0 0 0 0 
0 0.519128 0.43547 0 0.546965 0.416013 0 0.555863 0.388633 0 0.560432 0.363871 0 0.558597 0.343745 0 0.54412 0.326342 0 0.566283 0.289926 0 0.578746 0.266095 0 0.588593 0.250601 0 0.538645 0.324825 0 0.574574 0.341428 0 0.575312 0.365703 0 0.570256 0.379299 0 0.539011 0.336223 0 0.573007 0.361556 0 0.571544 0.386605 0 0.563698 0.400521 0 0.541327 0.356452 0 0.567966 0.37103 0 0.568542 0.391239 0 0.561805 0.403962 0 1 0 0 0 0 0 0 0 0 0 0 0 0 0 0 0 0 0 0 0 0 0 0 0 0 0 0 0 0 0 0 0 0 0 0 0 0 0 0 0 0 0 0 0 0 0 0 0 0 0 0 0 0 0 0 0 0 0 0 0 0 0 0 0 
0 0.518181 0.438502 0 0.548692 0.416715 0 0.562184 0.387563 0 0.571023 0.362999 0 0.573495 0.339895 0 0.54844 0.327234 0 0.572231 0.293893 0 0.583094 0.269947 0 0.590998 0.249691 0 0.541085 0.327128 0 0.579067 0.347956 0 0.577907 0.377595 0 0.570833 0.391332 0 0.541474 0.340879 0 0.578496 0.366834 0 0.575295 0.390918 0 0.566173 0.403703 0 0.542969 0.36199 0 0.570349 0.37784 0 0.569513 0.399892 0 0.562207 0.412532 0 1 0 0 0 0 0 0 0 0 0 0 0 0 0 0 0 0 0 0 0 0 0 0 0 0 0 0 0 0 0 0 0 0 0 0 0 0 0 0 0 0 0 0 0 0 0 0 0 0 0 0 0 0 0 0 0 0 0 0 0 0 0 0 0 
0 0.519465 0.434895 0 0.545428 0.410475 0 0.555696 0.383706 0 0.563031 0.362325 0 0.564471 0.348628 0 0.545531 0.327171 0 0.566066 0.29363 0 0.577776 0.273602 0 0.587062 0.258881 0 0.540935 0.324742 0 0.576411 0.344038 0 0.576332 0.373296 0 0.570048 0.387354 0 0.542339 0.33681 0 0.575824 0.36129 0 0.57396 0.385738 0 0.565668 0.397646 0 0.544518 0.357516 0 0.570477 0.371919 0 0.570853 0.388392 0 0.564169 0.396806 0 1 0 0 0 0 0 0 0 0 0 0 0 0 0 0 0 0 0 0 0 0 0 0 0 0 0 0 0 0 0 0 0 0 0 0 0 0 0 0 0 0 0 0 0 0 0 0 0 0 0 0 0 0 0 0 0 0 0 0 0 0 0 0 0 
0 0.517682 0.432932 0 0.540281 0.407659 0 0.550782 0.384858 0 0.557827 0.366035 0 0.558647 0.350365 0 0.542135 0.32734 0 0.560301 0.298732 0 0.570001 0.277717 0 0.577281 0.262156 0 0.538554 0.324912 0 0.573743 0.337326 0 0.580534 0.356229 0 0.580163 0.367974 0 0.540679 0.335599 0 0.573723 0.359488 0 0.573296 0.382576 0 0.566105 0.396711 0 0.544643 0.355375 0 0.570337 0.363073 0 0.572114 0.376878 0 0.566973 0.38582 0 1 0 0 0 0 0 0 0 0 0 0 0 0 0 0 0 0 0 0 0 0 0 0 0 0 0 0 0 0 0 0 0 0 0 0 0 0 0 0 0 0 0 0 0 0 0 0 0 0 0 0 0 0 0 0 0 0 0 0 0 0 0 0 0 
0 0.517446 0.43283 0 0.541463 0.407163 0 0.551549 0.383129 0 0.559359 0.363805 0 0.561458 0.348867 0 0.543671 0.325128 0 0.563978 0.296083 0 0.574801 0.275454 0 0.582628 0.260333 0 0.539592 0.323264 0 0.574223 0.339017 0 0.577232 0.36005 0 0.574604 0.370911 0 0.541033 0.335188 0 0.572721 0.361108 0 0.571364 0.383719 0 0.564424 0.393732 0 0.544139 0.356135 0 0.569807 0.368327 0 0.56973 0.384186 0 0.563425 0.39299 0 1 0 0 0 0 0 0 0 0 0 0 0 0 0 0 0 0 0 0 0 0 0 0 0 0 0 0 0 0 0 0 0 0 0 0 0 0 0 0 0 0 0 0 0 0 0 0 0 0 0 0 0 0 0 0 0 0 0 0 0 0 0 0 0 
